2  0 1  
2  0 2
2  0 3
2  0 4
2  0 5
2  0 6
2  0 7
2  0 8
2  0 9
2  0 10
2  0 11
2  0 12
2  0 13
2  0 14
2  0 15
2  0 16
2  0 17
2  0 18
2  0 19
2  1 2
2  1 3
2  1 4
2  1 5
2  1 6
2  1 7
2  1 8
2  1 9
2  1 10
2  1 11
2  1 12
2  1 13
2  1 14
2  1 15
2  1 16
2  1 17
2  1 18
2  1 19
2  2 3
2  2 4
2  2 5
2  2 6
2  2 7
2  2 8
2  2 9
2  2 10
2  2 11
2  2 12
2  2 13
2  2 14
2  2 15
2  2 16
2  2 17
2  2 18
2  2 19
2  3 4
2  3 5
2  3 6
2  3 7
2  3 8
2  3 9
2  3 10
2  3 11
2  3 12
2  3 13
2  3 14
2  3 15
2  3 16
2  3 17
2  3 18
2  3 19
2  4 5
2  4 6
2  4 7
2  4 8
2  4 9
2  4 10
2  4 11
2  4 12
2  4 13
2  4 14
2  4 15
2  4 16
2  4 17
2  4 18
2  4 19
2  5 6
2  5 7
2  5 8
2  5 9
2  5 10
2  5 11
2  5 12
2  5 13
2  5 14
2  5 15
2  5 16
2  5 17
2  5 18
2  5 19
2  6 7
2  6 8
2  6 9
2  6 10
2  6 11
2  6 12
2  6 13
2  6 14
2  6 15
2  6 16
2  6 17
2  6 18
2  6 19
2  7 8
2  7 9
2  7 10
2  7 11
2  7 12
2  7 13
2  7 14
2  7 15
2  7 16
2  7 17
2  7 18
2  7 19
2  8 9
2  8 10
2  8 11
2  8 12
2  8 13
2  8 14
2  8 15
2  8 16
2  8 17
2  8 18
2  8 19
2  9 10
2  9 11
2  9 12
2  9 13
2  9 14
2  9 15
2  9 16
2  9 17
2  9 18
2  9 19
2  10 11
2  10 12
2  10 13
2  10 14
2  10 15
2  10 16
2  10 17
2  10 18
2  10 19
2  11 12
2  11 13
2  11 14
2  11 15
2  11 16
2  11 17
2  11 18
2  11 19
2  12 13
2  12 14
2  12 15
2  12 16
2  12 17
2  12 18
2  12 19
2  13 14
2  13 15
2  13 16
2  13 17
2  13 18
2  13 19
2  14 15
2  14 16
2  14 17
2  14 18
2  14 19
2  15 16
2  15 17
2  15 18
2  15 19
2  16 17
2  16 18
2  16 19
2  17 18
2  17 19
2  18 19
