(6,-6,-2) (6,-4,-2) (6,-4,2)
(6,-4,2) (6,-6,2) (6,-6,-2)
(-6,-4,2) (-6,-4,-2) (-6,-6,-2)
(-6,-6,-2) (-6,-6,2) (-6,-4,2)
(6,-4,-2) (-6,-4,-2) (-6,-4,2)
(-6,-4,2) (6,-4,2) (6,-4,-2)
(-6,-6,2) (-6,-6,-2) (6,-6,-2)
(6,-6,-2) (6,-6,2) (-6,-6,2)
(6,-6,2) (6,-4,2) (-6,-4,2)
(-6,-4,2) (-6,-6,2) (6,-6,2)
(-6,-4,-2) (6,-4,-2) (6,-6,-2)
(6,-6,-2) (-6,-6,-2) (-6,-4,-2)
(-4,-4,-2) (-4,6,-2) (-4,6,2)
(-4,6,2) (-4,-4,2) (-4,-4,-2)
(-6,6,2) (-6,6,-2) (-6,-4,-2)
(-6,-4,-2) (-6,-4,2) (-6,6,2)
(-4,6,-2) (-6,6,-2) (-6,6,2)
(-6,6,2) (-4,6,2) (-4,6,-2)
(-4,-4,2) (-4,6,2) (-6,6,2)
(-6,6,2) (-6,-4,2) (-4,-4,2)
(-6,6,-2) (-4,6,-2) (-4,-4,-2)
(-4,-4,-2) (-6,-4,-2) (-6,6,-2)
