 (29,0) (31,0) (31,40) (29,40)
 (69,0) (71,0) (71,40) (69,40)
 (49,0) (51,0) (51,70) (49,70)
 (39,30) (41,30) (41,100) (39,100)
 (59,30) (61,30) (61,100) (59,100)
 (19,30) (21,30) (21,70) (19,70)
 (79,30) (81,30) (81,70) (79,70)
 (0,30) (9,30) (9,32) (0,32)
 (91,30) (100,30) (100,32) (91,32)
 (11,68) (40,68) (40,70) (11,70)
 (60,68) (89,68) (89,70) (60,70)
 (26,19) (34,19) (34,21) (26, 21)
 (46,19) (54,19) (54,21) (46, 21)
 (66,19) (74,19) (74,21) (66, 21)
 (16,49) (24,49) (24,51) (16, 51)
 (36,49) (40,49) (40,51) (36, 51)
 (40,79) (44,79) (44,81) (40, 81)
 (56,79) (60,79) (60,81) (56, 81)
 (60,49) (64,49) (64,51) (60, 51)
 (76,49) (84,49) (84,51) (76, 51)
 (1.51515,0) (100,0) (100,1.51515) (1.51515,1.51515) 
 (0,98.4848) (0,0) (1.51515,0) (1.51515,98.4848) 
 (98.4848,100) (0,100) (0,98.4848) (98.4848,98.4848) 
 (98.4848,1.51515) (100,1.51515) (100,100) (98.4848,100) 
 

