(1.51515,0) (100,0) (100,1.51515) (1.51515,1.51515) 
 (0,98.4848) (0,0) (1.51515,0) (1.51515,98.4848) 
 (98.4848,100) (0,100) (0,98.4848) (98.4848,98.4848) 
 (98.4848,1.51515) (100,1.51515) (100,100) (98.4848,100) 
 (1.51515,1.51515) (12.1212,9.09091) (1.51515,19.697) 
 (63.6364,40.9091) (66.6667,45.4545) (62.1212,48.4848) 
 (63.6364,34.8485) (66.6667,39.3939) (62.1212,48.4848) 
 (53.0303,81.8182) (45.4545,87.8788) (36.3636,83.3333) 
 (42.4242,81.8182) (28.7879,86.3636) (18.1818,81.8182) 
 (16.6667,69.697) (21.2121,59.0909) (27.2727,66.6667) 
 (18.1818,81.8182) (16.6667,69.697) (27.2727,66.6667) (28.7879,75.7576) 
 (18.1818,81.8182) (28.7879,75.7576) (43.9394,77.2727) (40.9091,80.303) 
 (72.7273,75.7576) (37.8788,80.303) (60.6061,71.2121) 
 (72.7273,75.7576) (63.6364,81.8182) (45.4545,83.3333) (18.1818,81.8182) 
 (95.4545,46.9697) (81.8182,50) (86.3636,33.3333) 
 (95.4545,46.9697) (93.9394,53.0303) (72.7273,75.7576) (60.6061,71.2121) (81.8182,50) 
 (81.8182,62.1212) (95.4545,62.1212) (95.4545,63.6364) (77.2727,63.6364) 
 (98.4848,31.8182) (95.4545,46.9697) (71.2121,16.6667) 
 (56.0606,1.51515) (98.4848,1.51515) (98.4848,31.8182) (72.7273,18.1818) (56.0606,9.09091) 
 (40.9091,13.6364) (54.5455,13.6364) (54.5455,15.1515) (36.3636,15.1515) 
 (45.4545,37.8788) (63.6364,34.8485) (62.1212,48.4848) (42.4242,53.0303) 
 (24.2424,19.697) (39.3939,13.6364) (46.9697,31.8182) (42.4242,53.0303) (33.3333,46.9697) 
 (1.51515,1.51515) (56.0606,1.51515) (56.0606,9.09091) (24.2424,19.697) 
 

