(3.79044,4.17126) (3.79044,4.55108) (1.89135,4.55108) (1.89135,4.17126) 
 (4.55008,3.79145) (4.17026,4.17126) (1.51153,4.17126) (1.13172,3.79145) 
 (2.65099,1.89236) (2.27117,1.13272) (3.41062,1.13272) (3.03081,1.89236) 
 (5.30972,0.752901) (3.79044,0.752901) (3.79044,0.373083) (5.30972,0.373083) 
 (1.51153,0.752901) (0.372079,0.752901) (0.372079,0.373083) (1.89135,0.373083) (
1.89135,0.752901) 
 (4.55008,0.752901) (4.17026,1.89236) (3.79044,1.89236) (4.17026,0.752901) 
 (1.51153,1.89236) (1.13172,0.752901) (1.51153,0.752901) (1.89135,1.89236) 
 (4.55008,3.79145) (1.13172,3.79145) (1.13172,1.89236) (4.55008,1.89236) 

