(5,-5,-5) (5,5,-5) (5,5,5)
(5,5,5) (5,-5,5) (5,-5,-5)
(-5,5,5) (-5,5,-5) (-5,-5,-5)
(-5,-5,-5) (-5,-5,5) (-5,5,5)
(5,5,-5) (-5,5,-5) (-5,5,5)
(-5,5,5) (5,5,5) (5,5,-5)
(-5,-5,5) (-5,-5,-5) (5,-5,-5)
(5,-5,-5) (5,-5,5) (-5,-5,5)
(5,-5,5) (5,5,5) (-5,5,5)
(-5,5,5) (-5,-5,5) (5,-5,5)
(-5,5,-5) (5,5,-5) (5,-5,-5)
(5,-5,-5) (-5,-5,-5) (-5,5,-5)
(20,20,20) (20,30,20) (20,30,30)
(20,30,30) (20,20,30) (20,20,20)
(10,30,30) (10,30,20) (10,20,20)
(10,20,20) (10,20,30) (10,30,30)
(20,30,20) (10,30,20) (10,30,30)
(10,30,30) (20,30,30) (20,30,20)
(10,20,30) (10,20,20) (20,20,20)
(20,20,20) (20,20,30) (10,20,30)
(20,20,30) (20,30,30) (10,30,30)
(10,30,30) (10,20,30) (20,20,30)
(10,30,20) (20,30,20) (20,20,20)
(20,20,20) (10,20,20) (10,30,20)
