(-30,-50,-50) (-30,50,-50) (-30,50,-10)
(-30,50,-10) (-30,-50,-10) (-30,-50,-50)
(-32,50,-10) (-32,50,-50) (-32,-50,-50)
(-32,-50,-50) (-32,-50,-10) (-32,50,-10)
(-30,50,-50) (-32,50,-50) (-32,50,-10)
(-32,50,-10) (-30,50,-10) (-30,50,-50)
(-32,-50,-10) (-32,-50,-50) (-30,-50,-50)
(-30,-50,-50) (-30,-50,-10) (-32,-50,-10)
(-30,-50,-10) (-30,50,-10) (-32,50,-10)
(-32,50,-10) (-32,-50,-10) (-30,-50,-10)
(-32,50,-50) (-30,50,-50) (-30,-50,-50)
(-30,-50,-50) (-32,-50,-50) (-32,50,-50)
(-30,-50,10) (-30,50,10) (-30,50,50)
(-30,50,50) (-30,-50,50) (-30,-50,10)
(-32,50,50) (-32,50,10) (-32,-50,10)
(-32,-50,10) (-32,-50,50) (-32,50,50)
(-30,50,10) (-32,50,10) (-32,50,50)
(-32,50,50) (-30,50,50) (-30,50,10)
(-32,-50,50) (-32,-50,10) (-30,-50,10)
(-30,-50,10) (-30,-50,50) (-32,-50,50)
(-30,-50,50) (-30,50,50) (-32,50,50)
(-32,50,50) (-32,-50,50) (-30,-50,50)
(-32,50,10) (-30,50,10) (-30,-50,10)
(-30,-50,10) (-32,-50,10) (-32,50,10)
(-30,-50,-10) (-30,30,-10) (-30,30,10)
(-30,30,10) (-30,-50,10) (-30,-50,-10)
(-32,30,10) (-32,30,-10) (-32,-50,-10)
(-32,-50,-10) (-32,-50,10) (-32,30,10)
(-30,30,-10) (-32,30,-10) (-32,30,10)
(-32,30,10) (-30,30,10) (-30,30,-10)
(-32,-50,10) (-32,-50,-10) (-30,-50,-10)
(-30,-50,-10) (-30,-50,10) (-32,-50,10)
(30,-50,-50) (30,50,-50) (30,50,-10)
(30,50,-10) (30,-50,-10) (30,-50,-50)
(28,50,-10) (28,50,-50) (28,-50,-50)
(28,-50,-50) (28,-50,-10) (28,50,-10)
(30,50,-50) (28,50,-50) (28,50,-10)
(28,50,-10) (30,50,-10) (30,50,-50)
(28,-50,-10) (28,-50,-50) (30,-50,-50)
(30,-50,-50) (30,-50,-10) (28,-50,-10)
(30,-50,-10) (30,50,-10) (28,50,-10)
(28,50,-10) (28,-50,-10) (30,-50,-10)
(28,50,-50) (30,50,-50) (30,-50,-50)
(30,-50,-50) (28,-50,-50) (28,50,-50)
(30,-50,10) (30,50,10) (30,50,50)
(30,50,50) (30,-50,50) (30,-50,10)
(28,50,50) (28,50,10) (28,-50,10)
(28,-50,10) (28,-50,50) (28,50,50)
(30,50,10) (28,50,10) (28,50,50)
(28,50,50) (30,50,50) (30,50,10)
(28,-50,50) (28,-50,10) (30,-50,10)
(30,-50,10) (30,-50,50) (28,-50,50)
(30,-50,50) (30,50,50) (28,50,50)
(28,50,50) (28,-50,50) (30,-50,50)
(28,50,10) (30,50,10) (30,-50,10)
(30,-50,10) (28,-50,10) (28,50,10)
(30,-30,-10) (30,50,-10) (30,50,10)
(30,50,10) (30,-30,10) (30,-30,-10)
(28,50,10) (28,50,-10) (28,-30,-10)
(28,-30,-10) (28,-30,10) (28,50,10)
(30,50,-10) (28,50,-10) (28,50,10)
(28,50,10) (30,50,10) (30,50,-10)
(28,-30,10) (28,-30,-10) (30,-30,-10)
(30,-30,-10) (30,-30,10) (28,-30,10)
