(2,-50,-50) (2,50,-50) (2,50,-15)
(2,50,-15) (2,-50,-15) (2,-50,-50)
(-2,50,-15) (-2,50,-50) (-2,-50,-50)
(-2,-50,-50) (-2,-50,-15) (-2,50,-15)
(2,50,-50) (-2,50,-50) (-2,50,-15)
(-2,50,-15) (2,50,-15) (2,50,-50)
(-2,-50,-15) (-2,-50,-50) (2,-50,-50)
(2,-50,-50) (2,-50,-15) (-2,-50,-15)
(2,-50,-15) (2,50,-15) (-2,50,-15)
(-2,50,-15) (-2,-50,-15) (2,-50,-15)
(-2,50,-50) (2,50,-50) (2,-50,-50)
(2,-50,-50) (-2,-50,-50) (-2,50,-50)
(2,-50,15) (2,50,15) (2,50,50)
(2,50,50) (2,-50,50) (2,-50,15)
(-2,50,50) (-2,50,15) (-2,-50,15)
(-2,-50,15) (-2,-50,50) (-2,50,50)
(2,50,15) (-2,50,15) (-2,50,50)
(-2,50,50) (2,50,50) (2,50,15)
(-2,-50,50) (-2,-50,15) (2,-50,15)
(2,-50,15) (2,-50,50) (-2,-50,50)
(2,-50,50) (2,50,50) (-2,50,50)
(-2,50,50) (-2,-50,50) (2,-50,50)
(-2,50,15) (2,50,15) (2,-50,15)
(2,-50,15) (-2,-50,15) (-2,50,15)
(2,-50,-15) (2,-15,-15) (2,-15,15)
(2,-15,15) (2,-50,15) (2,-50,-15)
(-2,-15,15) (-2,-15,-15) (-2,-50,-15)
(-2,-50,-15) (-2,-50,15) (-2,-15,15)
(2,-15,-15) (-2,-15,-15) (-2,-15,15)
(-2,-15,15) (2,-15,15) (2,-15,-15)
(-2,-50,15) (-2,-50,-15) (2,-50,-15)
(2,-50,-15) (2,-50,15) (-2,-50,15)
(2,15,-15) (2,50,-15) (2,50,15)
(2,50,15) (2,15,15) (2,15,-15)
(-2,50,15) (-2,50,-15) (-2,15,-15)
(-2,15,-15) (-2,15,15) (-2,50,15)
(2,50,-15) (-2,50,-15) (-2,50,15)
(-2,50,15) (2,50,15) (2,50,-15)
(-2,15,15) (-2,15,-15) (2,15,-15)
(2,15,-15) (2,15,15) (-2,15,15)
