(81.8182,18.1818) (81.8182,16.6667) (83.3333,16.6667) (83.3333,18.1818) 
 (65.1515,18.1818) (65.1515,16.6667) (66.6667,16.6667) (66.6667,18.1818) 
 (81.8182,31.8182) (81.8182,30.303) (83.3333,30.303) (83.3333,31.8182) 
 (65.1515,31.8182) (65.1515,30.303) (66.6667,30.303) (66.6667,31.8182) 
 (81.8182,45.4545) (81.8182,43.9394) (83.3333,43.9394) (83.3333,45.4545) 
 (65.1515,45.4545) (65.1515,43.9394) (66.6667,43.9394) (66.6667,45.4545) 
 (81.8182,59.0909) (81.8182,57.5758) (83.3333,57.5758) (83.3333,59.0909) 
 (65.1515,59.0909) (65.1515,57.5758) (66.6667,57.5758) (66.6667,59.0909) 
 (81.8182,72.7273) (81.8182,71.2121) (83.3333,71.2121) (83.3333,72.7273) 
 (65.1515,72.7273) (65.1515,71.2121) (66.6667,71.2121) (66.6667,72.7273) 
 (81.8182,86.3636) (81.8182,84.8485) (83.3333,84.8485) (83.3333,86.3636) 
 (65.1515,86.3636) (65.1515,84.8485) (66.6667,84.8485) (66.6667,86.3636) 
 (48.4848,18.1818) (48.4848,16.6667) (50,16.6667) (50,18.1818) 
 (31.8182,18.1818) (31.8182,16.6667) (33.3333,16.6667) (33.3333,18.1818) 
 (15.1515,18.1818) (15.1515,16.6667) (16.6667,16.6667) (16.6667,18.1818) 
 (48.4848,31.8182) (48.4848,30.303) (50,30.303) (50,31.8182) 
 (31.8182,31.8182) (31.8182,30.303) (33.3333,30.303) (33.3333,31.8182) 
 (15.1515,31.8182) (15.1515,30.303) (16.6667,30.303) (16.6667,31.8182) 
 (48.4848,45.4545) (48.4848,43.9394) (50,43.9394) (50,45.4545) 
 (31.8182,45.4545) (31.8182,43.9394) (33.3333,43.9394) (33.3333,45.4545) 
 (15.1515,45.4545) (15.1515,43.9394) (16.6667,43.9394) (16.6667,45.4545) 
 (48.4848,59.0909) (48.4848,57.5758) (50,57.5758) (50,59.0909) 
 (31.8182,59.0909) (31.8182,57.5758) (33.3333,57.5758) (33.3333,59.0909) 
 (15.1515,59.0909) (15.1515,57.5758) (16.6667,57.5758) (16.6667,59.0909) 
 (48.4848,72.7273) (48.4848,71.2121) (50,71.2121) (50,72.7273) 
 (31.8182,72.7273) (31.8182,71.2121) (33.3333,71.2121) (33.3333,72.7273) 
 (15.1515,72.7273) (15.1515,71.2121) (16.6667,71.2121) (16.6667,72.7273) 
 (48.4848,86.3636) (48.4848,84.8485) (50,84.8485) (50,86.3636) 
 (31.8182,86.3636) (31.8182,84.8485) (33.3333,84.8485) (33.3333,86.3636) 
 (15.1515,86.3636) (15.1515,84.8485) (16.6667,84.8485) (16.6667,86.3636) 
 (1.51515,0) (100,0) (100,1.51515) (1.51515,1.51515) 
 (0,98.4848) (0,0) (1.51515,0) (1.51515,98.4848) 
 (98.4848,100) (0,100) (0,98.4848) (98.4848,98.4848) 
 (98.4848,1.51515) (100,1.51515) (100,100) (98.4848,100) 
 

