(50.1176 91.2941) (52.9412 91.2941) (52.9412 103.059) (50.1176 103.059)
 (0 79.5294) (5.88235 79.5294) (5.88235 85.4118) (0 85.4118)
 (94.1176 26.5882) (100 26.5882) (100 32.4706) (94.1176 32.4706)
 (52.9412 0.23529) (52.9412 3.05882) (41.1765 3.05882) (41.1765 0.23529)
 (70.5882 23.7647) (70.5882 26.5882) (58.8235 26.5882) (58.8235 23.7647)
 (41.1765 50.1176) (41.1765 52.9412) (29.4118 52.9412) (29.4118 50.1176)
 (78.2354 82.5881) (63.1964 82.5881) (54.6515 67.72) (65.4181 52.681) (80.2862 54.9027) (86.7803 69.7708)
 (0 20.7059) (35.2941 20.7059) (35.2941 29.6471) (0 29.6471) 
 (88.2353 8.94118) (82.3529 3.05882) (91.2941 0) 
 (29.4118 76.7059) (32.2353 76.7059) (32.2353 88.4706) (29.4118 88.4706)
 (100,0) (105,0) (105,100) (100,100)
 (-5,0) (-5,-5) (105,-5) (105,0)
 (0,100) (-5,100) (-5,0) (0,0)
 (-5,105) (-5,100) (105,100) (105,105)


