(25,-25,-2) (25,-11,-2) (25,-11,2)
(25,-11,2) (25,-25,2) (25,-25,-2)
(-25,-11,2) (-25,-11,-2) (-25,-25,-2)
(-25,-25,-2) (-25,-25,2) (-25,-11,2)
(25,-11,-2) (-25,-11,-2) (-25,-11,2)
(-25,-11,2) (25,-11,2) (25,-11,-2)
(-25,-25,2) (-25,-25,-2) (25,-25,-2)
(25,-25,-2) (25,-25,2) (-25,-25,2)
(25,-25,2) (25,-11,2) (-25,-11,2)
(-25,-11,2) (-25,-25,2) (25,-25,2)
(-25,-11,-2) (25,-11,-2) (25,-25,-2)
(25,-25,-2) (-25,-25,-2) (-25,-11,-2)
(-11,-11,-2) (-11,25,-2) (-11,25,2)
(-11,25,2) (-11,-11,2) (-11,-11,-2)
(-25,25,2) (-25,25,-2) (-25,-11,-2)
(-25,-11,-2) (-25,-11,2) (-25,25,2)
(-11,25,-2) (-25,25,-2) (-25,25,2)
(-25,25,2) (-11,25,2) (-11,25,-2)
(-11,-11,2) (-11,25,2) (-25,25,2)
(-25,25,2) (-25,-11,2) (-11,-11,2)
(-25,25,-2) (-11,25,-2) (-11,-11,-2)
(-11,-11,-2) (-25,-11,-2) (-25,25,-2)
