(2,-50,-50) (2,50,-50) (2,50,-10)
(2,50,-10) (2,-50,-10) (2,-50,-50)
(-2,50,-10) (-2,50,-50) (-2,-50,-50)
(-2,-50,-50) (-2,-50,-10) (-2,50,-10)
(2,50,-50) (-2,50,-50) (-2,50,-10)
(-2,50,-10) (2,50,-10) (2,50,-50)
(-2,-50,-10) (-2,-50,-50) (2,-50,-50)
(2,-50,-50) (2,-50,-10) (-2,-50,-10)
(2,-50,-10) (2,50,-10) (-2,50,-10)
(-2,50,-10) (-2,-50,-10) (2,-50,-10)
(-2,50,-50) (2,50,-50) (2,-50,-50)
(2,-50,-50) (-2,-50,-50) (-2,50,-50)
(2,-50,10) (2,50,10) (2,50,50)
(2,50,50) (2,-50,50) (2,-50,10)
(-2,50,50) (-2,50,10) (-2,-50,10)
(-2,-50,10) (-2,-50,50) (-2,50,50)
(2,50,10) (-2,50,10) (-2,50,50)
(-2,50,50) (2,50,50) (2,50,10)
(-2,-50,50) (-2,-50,10) (2,-50,10)
(2,-50,10) (2,-50,50) (-2,-50,50)
(2,-50,50) (2,50,50) (-2,50,50)
(-2,50,50) (-2,-50,50) (2,-50,50)
(-2,50,10) (2,50,10) (2,-50,10)
(2,-50,10) (-2,-50,10) (-2,50,10)
(2,-50,-10) (2,-10,-10) (2,-10,10)
(2,-10,10) (2,-50,10) (2,-50,-10)
(-2,-10,10) (-2,-10,-10) (-2,-50,-10)
(-2,-50,-10) (-2,-50,10) (-2,-10,10)
(2,-10,-10) (-2,-10,-10) (-2,-10,10)
(-2,-10,10) (2,-10,10) (2,-10,-10)
(-2,-50,10) (-2,-50,-10) (2,-50,-10)
(2,-50,-10) (2,-50,10) (-2,-50,10)
(2,10,-10) (2,50,-10) (2,50,10)
(2,50,10) (2,10,10) (2,10,-10)
(-2,50,10) (-2,50,-10) (-2,10,-10)
(-2,10,-10) (-2,10,10) (-2,50,10)
(2,50,-10) (-2,50,-10) (-2,50,10)
(-2,50,10) (2,50,10) (2,50,-10)
(-2,10,10) (-2,10,-10) (2,10,-10)
(2,10,-10) (2,10,10) (-2,10,10)
