(15,-15,-2) (15,-11,-2) (15,-11,2)
(15,-11,2) (15,-15,2) (15,-15,-2)
(-15,-11,2) (-15,-11,-2) (-15,-15,-2)
(-15,-15,-2) (-15,-15,2) (-15,-11,2)
(15,-11,-2) (-15,-11,-2) (-15,-11,2)
(-15,-11,2) (15,-11,2) (15,-11,-2)
(-15,-15,2) (-15,-15,-2) (15,-15,-2)
(15,-15,-2) (15,-15,2) (-15,-15,2)
(15,-15,2) (15,-11,2) (-15,-11,2)
(-15,-11,2) (-15,-15,2) (15,-15,2)
(-15,-11,-2) (15,-11,-2) (15,-15,-2)
(15,-15,-2) (-15,-15,-2) (-15,-11,-2)
(-11,-11,-2) (-11,15,-2) (-11,15,2)
(-11,15,2) (-11,-11,2) (-11,-11,-2)
(-15,15,2) (-15,15,-2) (-15,-11,-2)
(-15,-11,-2) (-15,-11,2) (-15,15,2)
(-11,15,-2) (-15,15,-2) (-15,15,2)
(-15,15,2) (-11,15,2) (-11,15,-2)
(-11,-11,2) (-11,15,2) (-15,15,2)
(-15,15,2) (-15,-11,2) (-11,-11,2)
(-15,15,-2) (-11,15,-2) (-11,-11,-2)
(-11,-11,-2) (-15,-11,-2) (-15,15,-2)
