2 1.0 0.0
2 1.0 0.02
2 1.0 0.04 
2 1.0 0.06
2 1.0 0.08
2 1.0 0.10
2 1.0 0.12
2 1.0 0.14
2 1.0 0.16
2 1.0 0.18
2 1.0 0.20
2 1.0 0.22
2 1.0 0.24
2 1.0 -0.02
2 1.0 -0.04 
2 1.0 -0.06
2 1.0 -0.08
2 1.0 -0.10
2 1.0 -0.12
2 1.0 -0.14
2 1.0 -0.16
2 1.0 -0.18
2 1.0 -0.20
2 1.0 -0.22
2 1.0 -0.24
2 -1.0 0.0
2 -1.0 0.02
2 -1.0 0.04 
2 -1.0 0.06
2 -1.0 0.08
2 -1.0 0.10
2 -1.0 0.12
2 -1.0 0.14
2 -1.0 0.16
2 -1.0 0.18
2 -1.0 0.20
2 -1.0 0.22
2 -1.0 0.24
2 -1.0 -0.02
2 -1.0 -0.04 
2 -1.0 -0.06
2 -1.0 -0.08
2 -1.0 -0.10
2 -1.0 -0.12
2 -1.0 -0.14
2 -1.0 -0.16
2 -1.0 -0.18
2 -1.0 -0.20
2 -1.0 -0.22
2 -1.0 -0.24


