(53.8462,6.15385) (58.4615,6.15385) (58.4615,80.7692) (53.8462,80.7692)
 (29.2308,32.3077) (90.7692,32.3077) (90.7692,36.9231) (29.2308,36.9231)
 (18.4615,80) (87.6923,80) (87.6923,84.6154) (18.4615,84.6154)
 (16.9231,50.7692) (38.4615,50.7692) (38.4615,67.6923) (16.9231,67.6923)
 (10.7692,9.23077) (16.9231,9.23077) (16.9231,35.3846) (10.7692,35.3846)
 (36.9231,0) (44.6154,0) (44.6154,10.7692) (36.9231,10.7692)
 (72.3077,47.6923) (81.5385,47.6923) (81.5385,72.3077) (72.3077,72.3077)
 (64.6154,16.9231) (83.0769,16.9231) (83.0769,24.6154) (64.6154,24.6154)
 (60,92.3077) (86.1538,92.3077) (86.1538,100) (60,100)
 (0,89.2308) (6.15385,89.2308) (6.15385,95.3846) (0,95.3846)
 (0,47.6923) (6.15385,47.6923) (6.15385,72.3077) (0,72.3077)
 (44.6154,43.0769) (49.2308,43.0769) (49.2308,49.2308) (44.6154,49.2308)
 (76.9231,7.69231) (83.0769,7.69231) (83.0769,16.9231) (76.9231,16.9231)
 (81.5385,53.8462) (100,53.8462) (100,60) (81.5385,60)
 (69.2308,0) (72.3077,0) (72.3077,16.9231) (69.2308,16.9231)
 (0,6.15385) (10.7692,6.15385) (10.7692,13.8462) (0,13.8462)
 (24.6154,67.6923) (29.2308,67.6923) (29.2308,80) (24.6154,80)
 (16.9231,18.4615) (43.0769,18.4615) (43.0769,24.6154) (16.9231,24.6154)
 (81.5385,80) (100,80) (100,87.6923) (81.5385,87.6923)
 (89.2308,67.6923) (93.8462,67.6923) (93.8462,73.8462) (89.2308,73.8462)
 (18.4615,90.7692) (30.7692,90.7692) (30.7692,100) (18.4615,100)
 (43.0769,73.8462) (47.6923,73.8462) (47.6923,87.6923) (43.0769,87.6923)
 (100,0) (105,0) (105,100) (100,100)
 (-5,0) (-5,-5) (105,-5) (105,0)
 (0,100) (-5,100) (-5,0) (0,0)
 (-5,105) (-5,100) (105,100) (105,105)


