(1.63934,1.63934) (1.63934,0) (100,4.29948e-06) (100,1.63935) 
 (0,100) (7.1658e-08,98.3607) (98.3607,98.3607) (98.3607,100) 
 (100,100) (98.3607,100) (98.3607,1.63935) (100,1.63935) 
 (6.55738,91.8033) (6.55738,88.5246) (98.3607,88.5246) (98.3607,91.8033) 
 (1.63935,88.5246) (4.91803,88.5246) (4.91803,91.8033) (1.63935,91.8033) 
 (95.082,86.8853) (95.082,83.6066) (98.3607,83.6066) (98.3607,86.8853) 
 (1.63935,86.8853) (1.63935,83.6066) (93.4426,83.6066) (93.4426,86.8853) 
 (6.55738,81.9672) (6.55738,78.6885) (98.3607,78.6885) (98.3607,81.9672) 
 (1.63935,78.6885) (4.91803,78.6885) (4.91803,81.9672) (1.63935,81.9672) 
 (95.082,77.0492) (95.082,73.7705) (98.3607,73.7705) (98.3607,77.0492) 
 (1.63935,77.0492) (1.63935,73.7705) (93.4426,73.7705) (93.4426,77.0492) 
 (1.63935,68.8525) (4.91803,68.8525) (4.91803,72.1312) (1.63935,72.1312) 
 (86.8852,72.1312) (6.55738,72.1312) (6.55738,68.8525) (86.8852,68.8525) 
 (86.8852,59.0164) (98.3607,59.0164) (98.3607,72.1312) (86.8852,72.1312) 
 (1.63935,67.2131) (1.63935,59.0164) (85.2459,59.0164) (85.2459,67.2131) 
 (75.4098,57.3771) (75.4098,50.8197) (98.3607,50.8197) (98.3607,57.3771) 
 (54.0984,57.3771) (54.0984,50.8197) (73.7705,50.8197) (73.7705,57.3771) 
 (32.7869,57.3771) (32.7869,50.8197) (52.459,50.8197) (52.459,57.3771) 
 (11.4754,57.3771) (11.4754,50.8197) (31.1475,50.8197) (31.1475,57.3771) 
 (65.5738,49.1803) (65.5738,42.623) (85.2459,42.623) (85.2459,49.1803) 
 (44.2623,49.1803) (44.2623,42.623) (63.9344,42.623) (63.9344,49.1803) 
 (22.9508,49.1803) (22.9508,42.623) (42.623,42.623) (42.623,49.1803) 
 (1.63935,49.1803) (1.63935,42.623) (21.3115,42.623) (21.3115,49.1803) 
 (83.6066,32.7869) (98.3607,32.7869) (98.3607,40.9836) (83.6066,40.9836) 
 (81.9672,31.1475) (81.9672,14.7541) (98.3607,14.7541) (98.3607,31.1475) 
 (52.459,14.7541) (52.459,1.63935) (98.3607,1.63935) (98.3607,14.7541) 
 (54.0984,32.7869) (54.0984,16.3934) (80.3279,16.3934) (80.3279,32.7869) 
 (1.63935,40.9836) (1.63935,32.7869) (81.9672,32.7869) (81.9672,40.9836) 
 (44.2623,31.1475) (44.2623,1.63935) (52.459,1.63935) (52.459,31.1475) 
 (1.63935,18.0328) (42.623,18.0328) (42.623,32.7869) (1.63935,32.7869) 
 (24.5902,16.3934) (24.5902,1.63935) (42.623,1.63935) (42.623,16.3934) 
 (1.63935,1.63935) (22.9508,1.63935) (22.9508,16.3934) (1.63935,16.3934) 
 (1.63935,98.3607) (8.59896e-07,98.3607) (8.59896e-07,5.98345e-06) (1.63935,5.98345e-06) 
 

