(48.4848,86.3636) (42.4242,84.8485) (53.0303,75.7576) 
 (53.0303,75.7576) (56.0606,66.6667) (66.6667,75.7576) (48.4848,86.3636) 
 (81.8182,72.7273) (71.2121,68.1818) (86.3636,71.2121) 
 (24.2424,24.2424) (22.7273,21.2121) (31.8182,21.2121) (34.8485,24.2424) 
 (80.303,59.0909) (74.2424,50) (84.8485,50) (83.3333,56.0606) 
 (9.09091,62.1212) (7.57576,57.5758) (16.6667,57.5758) 
 (95.4545,87.8788) (72.7273,86.3636) (87.8788,75.7576) 
 (53.0303,75.7576) (42.4242,84.8485) (37.8788,71.2121) 
 (1.51515,50) (1.51515,34.8485) (84.8485,34.8485) (84.8485,50) 
 (42.4242,24.2424) (42.4242,1.51515) (98.4848,1.51515) (98.4848,24.2424) 
 (27.2727,24.2424) (1.51515,24.2424) (1.51515,1.51515) (27.2727,1.51515) 
 (1.51515,0) (100,0) (100,1.51515) (1.51515,1.51515) 
 (0,98.4848) (0,0) (1.51515,0) (1.51515,98.4848) 
 (98.4848,100) (0,100) (0,98.4848) (98.4848,98.4848) 
 (98.4848,1.51515) (100,1.51515) (100,100) (98.4848,100) 
 

