(0,0,2) (0,0,0) (2,0,0) 
(2,0,0) (2,0,2) (0,0,2) 
(2,0,0) (0,0,0) (0,2,0) 
(0,2,0) (2,2,0) (2,0,0) 
(0,2,0) (0,0,0) (0,0,2) 
(0,0,2) (0,2,2) (0,2,0) 
(2,2,0) (2,2,2) (2,0,2) 
(2,0,2) (2,0,0) (2,2,0) 
(0,2,2) (2,0,2) (2,2,2) 
(2,0,2) (0,2,2) (0,0,2) 
(2,2,0) (0,2,2) (2,2,2) 
(0,2,2) (2,2,0) (0,2,0) 
(0,0,22) (0,0,20) (2,0,20) 
(2,0,20) (2,0,22) (0,0,22) 
(2,0,20) (0,0,20) (0,2,20) 
(0,2,20) (2,2,20) (2,0,20) 
(0,2,20) (0,0,20) (0,0,22) 
(0,0,22) (0,2,22) (0,2,20) 
(2,2,20) (2,2,22) (2,0,22) 
(2,0,22) (2,0,20) (2,2,20) 
(0,2,22) (2,0,22) (2,2,22) 
(2,0,22) (0,2,22) (0,0,22) 
(2,2,20) (0,2,22) (2,2,22) 
(0,2,22) (2,2,20) (0,2,20) 
(0,0,42) (0,0,40) (2,0,40) 
(2,0,40) (2,0,42) (0,0,42) 
(2,0,40) (0,0,40) (0,2,40) 
(0,2,40) (2,2,40) (2,0,40) 
(0,2,40) (0,0,40) (0,0,42) 
(0,0,42) (0,2,42) (0,2,40) 
(2,2,40) (2,2,42) (2,0,42) 
(2,0,42) (2,0,40) (2,2,40) 
(0,2,42) (2,0,42) (2,2,42) 
(2,0,42) (0,2,42) (0,0,42) 
(2,2,40) (0,2,42) (2,2,42) 
(0,2,42) (2,2,40) (0,2,40) 
(0,0,62) (0,0,60) (2,0,60) 
(2,0,60) (2,0,62) (0,0,62) 
(2,0,60) (0,0,60) (0,2,60) 
(0,2,60) (2,2,60) (2,0,60) 
(0,2,60) (0,0,60) (0,0,62) 
(0,0,62) (0,2,62) (0,2,60) 
(2,2,60) (2,2,62) (2,0,62) 
(2,0,62) (2,0,60) (2,2,60) 
(0,2,62) (2,0,62) (2,2,62) 
(2,0,62) (0,2,62) (0,0,62) 
(2,2,60) (0,2,62) (2,2,62) 
(0,2,62) (2,2,60) (0,2,60) 
(0,0,82) (0,0,80) (2,0,80) 
(2,0,80) (2,0,82) (0,0,82) 
(2,0,80) (0,0,80) (0,2,80) 
(0,2,80) (2,2,80) (2,0,80) 
(0,2,80) (0,0,80) (0,0,82) 
(0,0,82) (0,2,82) (0,2,80) 
(2,2,80) (2,2,82) (2,0,82) 
(2,0,82) (2,0,80) (2,2,80) 
(0,2,82) (2,0,82) (2,2,82) 
(2,0,82) (0,2,82) (0,0,82) 
(2,2,80) (0,2,82) (2,2,82) 
(0,2,82) (2,2,80) (0,2,80) 
(0,0,102) (0,0,100) (2,0,100) 
(2,0,100) (2,0,102) (0,0,102) 
(2,0,100) (0,0,100) (0,2,100) 
(0,2,100) (2,2,100) (2,0,100) 
(0,2,100) (0,0,100) (0,0,102) 
(0,0,102) (0,2,102) (0,2,100) 
(2,2,100) (2,2,102) (2,0,102) 
(2,0,102) (2,0,100) (2,2,100) 
(0,2,102) (2,0,102) (2,2,102) 
(2,0,102) (0,2,102) (0,0,102) 
(2,2,100) (0,2,102) (2,2,102) 
(0,2,102) (2,2,100) (0,2,100) 
(0,20,2) (0,20,0) (2,20,0) 
(2,20,0) (2,20,2) (0,20,2) 
(2,20,0) (0,20,0) (0,22,0) 
(0,22,0) (2,22,0) (2,20,0) 
(0,22,0) (0,20,0) (0,20,2) 
(0,20,2) (0,22,2) (0,22,0) 
(2,22,0) (2,22,2) (2,20,2) 
(2,20,2) (2,20,0) (2,22,0) 
(0,22,2) (2,20,2) (2,22,2) 
(2,20,2) (0,22,2) (0,20,2) 
(2,22,0) (0,22,2) (2,22,2) 
(0,22,2) (2,22,0) (0,22,0) 
(0,20,22) (0,20,20) (2,20,20) 
(2,20,20) (2,20,22) (0,20,22) 
(2,20,20) (0,20,20) (0,22,20) 
(0,22,20) (2,22,20) (2,20,20) 
(0,22,20) (0,20,20) (0,20,22) 
(0,20,22) (0,22,22) (0,22,20) 
(2,22,20) (2,22,22) (2,20,22) 
(2,20,22) (2,20,20) (2,22,20) 
(0,22,22) (2,20,22) (2,22,22) 
(2,20,22) (0,22,22) (0,20,22) 
(2,22,20) (0,22,22) (2,22,22) 
(0,22,22) (2,22,20) (0,22,20) 
(0,20,42) (0,20,40) (2,20,40) 
(2,20,40) (2,20,42) (0,20,42) 
(2,20,40) (0,20,40) (0,22,40) 
(0,22,40) (2,22,40) (2,20,40) 
(0,22,40) (0,20,40) (0,20,42) 
(0,20,42) (0,22,42) (0,22,40) 
(2,22,40) (2,22,42) (2,20,42) 
(2,20,42) (2,20,40) (2,22,40) 
(0,22,42) (2,20,42) (2,22,42) 
(2,20,42) (0,22,42) (0,20,42) 
(2,22,40) (0,22,42) (2,22,42) 
(0,22,42) (2,22,40) (0,22,40) 
(0,20,62) (0,20,60) (2,20,60) 
(2,20,60) (2,20,62) (0,20,62) 
(2,20,60) (0,20,60) (0,22,60) 
(0,22,60) (2,22,60) (2,20,60) 
(0,22,60) (0,20,60) (0,20,62) 
(0,20,62) (0,22,62) (0,22,60) 
(2,22,60) (2,22,62) (2,20,62) 
(2,20,62) (2,20,60) (2,22,60) 
(0,22,62) (2,20,62) (2,22,62) 
(2,20,62) (0,22,62) (0,20,62) 
(2,22,60) (0,22,62) (2,22,62) 
(0,22,62) (2,22,60) (0,22,60) 
(0,20,82) (0,20,80) (2,20,80) 
(2,20,80) (2,20,82) (0,20,82) 
(2,20,80) (0,20,80) (0,22,80) 
(0,22,80) (2,22,80) (2,20,80) 
(0,22,80) (0,20,80) (0,20,82) 
(0,20,82) (0,22,82) (0,22,80) 
(2,22,80) (2,22,82) (2,20,82) 
(2,20,82) (2,20,80) (2,22,80) 
(0,22,82) (2,20,82) (2,22,82) 
(2,20,82) (0,22,82) (0,20,82) 
(2,22,80) (0,22,82) (2,22,82) 
(0,22,82) (2,22,80) (0,22,80) 
(0,20,102) (0,20,100) (2,20,100) 
(2,20,100) (2,20,102) (0,20,102) 
(2,20,100) (0,20,100) (0,22,100) 
(0,22,100) (2,22,100) (2,20,100) 
(0,22,100) (0,20,100) (0,20,102) 
(0,20,102) (0,22,102) (0,22,100) 
(2,22,100) (2,22,102) (2,20,102) 
(2,20,102) (2,20,100) (2,22,100) 
(0,22,102) (2,20,102) (2,22,102) 
(2,20,102) (0,22,102) (0,20,102) 
(2,22,100) (0,22,102) (2,22,102) 
(0,22,102) (2,22,100) (0,22,100) 
(0,40,2) (0,40,0) (2,40,0) 
(2,40,0) (2,40,2) (0,40,2) 
(2,40,0) (0,40,0) (0,42,0) 
(0,42,0) (2,42,0) (2,40,0) 
(0,42,0) (0,40,0) (0,40,2) 
(0,40,2) (0,42,2) (0,42,0) 
(2,42,0) (2,42,2) (2,40,2) 
(2,40,2) (2,40,0) (2,42,0) 
(0,42,2) (2,40,2) (2,42,2) 
(2,40,2) (0,42,2) (0,40,2) 
(2,42,0) (0,42,2) (2,42,2) 
(0,42,2) (2,42,0) (0,42,0) 
(0,40,22) (0,40,20) (2,40,20) 
(2,40,20) (2,40,22) (0,40,22) 
(2,40,20) (0,40,20) (0,42,20) 
(0,42,20) (2,42,20) (2,40,20) 
(0,42,20) (0,40,20) (0,40,22) 
(0,40,22) (0,42,22) (0,42,20) 
(2,42,20) (2,42,22) (2,40,22) 
(2,40,22) (2,40,20) (2,42,20) 
(0,42,22) (2,40,22) (2,42,22) 
(2,40,22) (0,42,22) (0,40,22) 
(2,42,20) (0,42,22) (2,42,22) 
(0,42,22) (2,42,20) (0,42,20) 
(0,40,42) (0,40,40) (2,40,40) 
(2,40,40) (2,40,42) (0,40,42) 
(2,40,40) (0,40,40) (0,42,40) 
(0,42,40) (2,42,40) (2,40,40) 
(0,42,40) (0,40,40) (0,40,42) 
(0,40,42) (0,42,42) (0,42,40) 
(2,42,40) (2,42,42) (2,40,42) 
(2,40,42) (2,40,40) (2,42,40) 
(0,42,42) (2,40,42) (2,42,42) 
(2,40,42) (0,42,42) (0,40,42) 
(2,42,40) (0,42,42) (2,42,42) 
(0,42,42) (2,42,40) (0,42,40) 
(0,40,62) (0,40,60) (2,40,60) 
(2,40,60) (2,40,62) (0,40,62) 
(2,40,60) (0,40,60) (0,42,60) 
(0,42,60) (2,42,60) (2,40,60) 
(0,42,60) (0,40,60) (0,40,62) 
(0,40,62) (0,42,62) (0,42,60) 
(2,42,60) (2,42,62) (2,40,62) 
(2,40,62) (2,40,60) (2,42,60) 
(0,42,62) (2,40,62) (2,42,62) 
(2,40,62) (0,42,62) (0,40,62) 
(2,42,60) (0,42,62) (2,42,62) 
(0,42,62) (2,42,60) (0,42,60) 
(0,40,82) (0,40,80) (2,40,80) 
(2,40,80) (2,40,82) (0,40,82) 
(2,40,80) (0,40,80) (0,42,80) 
(0,42,80) (2,42,80) (2,40,80) 
(0,42,80) (0,40,80) (0,40,82) 
(0,40,82) (0,42,82) (0,42,80) 
(2,42,80) (2,42,82) (2,40,82) 
(2,40,82) (2,40,80) (2,42,80) 
(0,42,82) (2,40,82) (2,42,82) 
(2,40,82) (0,42,82) (0,40,82) 
(2,42,80) (0,42,82) (2,42,82) 
(0,42,82) (2,42,80) (0,42,80) 
(0,40,102) (0,40,100) (2,40,100) 
(2,40,100) (2,40,102) (0,40,102) 
(2,40,100) (0,40,100) (0,42,100) 
(0,42,100) (2,42,100) (2,40,100) 
(0,42,100) (0,40,100) (0,40,102) 
(0,40,102) (0,42,102) (0,42,100) 
(2,42,100) (2,42,102) (2,40,102) 
(2,40,102) (2,40,100) (2,42,100) 
(0,42,102) (2,40,102) (2,42,102) 
(2,40,102) (0,42,102) (0,40,102) 
(2,42,100) (0,42,102) (2,42,102) 
(0,42,102) (2,42,100) (0,42,100) 
(0,60,2) (0,60,0) (2,60,0) 
(2,60,0) (2,60,2) (0,60,2) 
(2,60,0) (0,60,0) (0,62,0) 
(0,62,0) (2,62,0) (2,60,0) 
(0,62,0) (0,60,0) (0,60,2) 
(0,60,2) (0,62,2) (0,62,0) 
(2,62,0) (2,62,2) (2,60,2) 
(2,60,2) (2,60,0) (2,62,0) 
(0,62,2) (2,60,2) (2,62,2) 
(2,60,2) (0,62,2) (0,60,2) 
(2,62,0) (0,62,2) (2,62,2) 
(0,62,2) (2,62,0) (0,62,0) 
(0,60,22) (0,60,20) (2,60,20) 
(2,60,20) (2,60,22) (0,60,22) 
(2,60,20) (0,60,20) (0,62,20) 
(0,62,20) (2,62,20) (2,60,20) 
(0,62,20) (0,60,20) (0,60,22) 
(0,60,22) (0,62,22) (0,62,20) 
(2,62,20) (2,62,22) (2,60,22) 
(2,60,22) (2,60,20) (2,62,20) 
(0,62,22) (2,60,22) (2,62,22) 
(2,60,22) (0,62,22) (0,60,22) 
(2,62,20) (0,62,22) (2,62,22) 
(0,62,22) (2,62,20) (0,62,20) 
(0,60,42) (0,60,40) (2,60,40) 
(2,60,40) (2,60,42) (0,60,42) 
(2,60,40) (0,60,40) (0,62,40) 
(0,62,40) (2,62,40) (2,60,40) 
(0,62,40) (0,60,40) (0,60,42) 
(0,60,42) (0,62,42) (0,62,40) 
(2,62,40) (2,62,42) (2,60,42) 
(2,60,42) (2,60,40) (2,62,40) 
(0,62,42) (2,60,42) (2,62,42) 
(2,60,42) (0,62,42) (0,60,42) 
(2,62,40) (0,62,42) (2,62,42) 
(0,62,42) (2,62,40) (0,62,40) 
(0,60,62) (0,60,60) (2,60,60) 
(2,60,60) (2,60,62) (0,60,62) 
(2,60,60) (0,60,60) (0,62,60) 
(0,62,60) (2,62,60) (2,60,60) 
(0,62,60) (0,60,60) (0,60,62) 
(0,60,62) (0,62,62) (0,62,60) 
(2,62,60) (2,62,62) (2,60,62) 
(2,60,62) (2,60,60) (2,62,60) 
(0,62,62) (2,60,62) (2,62,62) 
(2,60,62) (0,62,62) (0,60,62) 
(2,62,60) (0,62,62) (2,62,62) 
(0,62,62) (2,62,60) (0,62,60) 
(0,60,82) (0,60,80) (2,60,80) 
(2,60,80) (2,60,82) (0,60,82) 
(2,60,80) (0,60,80) (0,62,80) 
(0,62,80) (2,62,80) (2,60,80) 
(0,62,80) (0,60,80) (0,60,82) 
(0,60,82) (0,62,82) (0,62,80) 
(2,62,80) (2,62,82) (2,60,82) 
(2,60,82) (2,60,80) (2,62,80) 
(0,62,82) (2,60,82) (2,62,82) 
(2,60,82) (0,62,82) (0,60,82) 
(2,62,80) (0,62,82) (2,62,82) 
(0,62,82) (2,62,80) (0,62,80) 
(0,60,102) (0,60,100) (2,60,100) 
(2,60,100) (2,60,102) (0,60,102) 
(2,60,100) (0,60,100) (0,62,100) 
(0,62,100) (2,62,100) (2,60,100) 
(0,62,100) (0,60,100) (0,60,102) 
(0,60,102) (0,62,102) (0,62,100) 
(2,62,100) (2,62,102) (2,60,102) 
(2,60,102) (2,60,100) (2,62,100) 
(0,62,102) (2,60,102) (2,62,102) 
(2,60,102) (0,62,102) (0,60,102) 
(2,62,100) (0,62,102) (2,62,102) 
(0,62,102) (2,62,100) (0,62,100) 
(0,80,2) (0,80,0) (2,80,0) 
(2,80,0) (2,80,2) (0,80,2) 
(2,80,0) (0,80,0) (0,82,0) 
(0,82,0) (2,82,0) (2,80,0) 
(0,82,0) (0,80,0) (0,80,2) 
(0,80,2) (0,82,2) (0,82,0) 
(2,82,0) (2,82,2) (2,80,2) 
(2,80,2) (2,80,0) (2,82,0) 
(0,82,2) (2,80,2) (2,82,2) 
(2,80,2) (0,82,2) (0,80,2) 
(2,82,0) (0,82,2) (2,82,2) 
(0,82,2) (2,82,0) (0,82,0) 
(0,80,22) (0,80,20) (2,80,20) 
(2,80,20) (2,80,22) (0,80,22) 
(2,80,20) (0,80,20) (0,82,20) 
(0,82,20) (2,82,20) (2,80,20) 
(0,82,20) (0,80,20) (0,80,22) 
(0,80,22) (0,82,22) (0,82,20) 
(2,82,20) (2,82,22) (2,80,22) 
(2,80,22) (2,80,20) (2,82,20) 
(0,82,22) (2,80,22) (2,82,22) 
(2,80,22) (0,82,22) (0,80,22) 
(2,82,20) (0,82,22) (2,82,22) 
(0,82,22) (2,82,20) (0,82,20) 
(0,80,42) (0,80,40) (2,80,40) 
(2,80,40) (2,80,42) (0,80,42) 
(2,80,40) (0,80,40) (0,82,40) 
(0,82,40) (2,82,40) (2,80,40) 
(0,82,40) (0,80,40) (0,80,42) 
(0,80,42) (0,82,42) (0,82,40) 
(2,82,40) (2,82,42) (2,80,42) 
(2,80,42) (2,80,40) (2,82,40) 
(0,82,42) (2,80,42) (2,82,42) 
(2,80,42) (0,82,42) (0,80,42) 
(2,82,40) (0,82,42) (2,82,42) 
(0,82,42) (2,82,40) (0,82,40) 
(0,80,62) (0,80,60) (2,80,60) 
(2,80,60) (2,80,62) (0,80,62) 
(2,80,60) (0,80,60) (0,82,60) 
(0,82,60) (2,82,60) (2,80,60) 
(0,82,60) (0,80,60) (0,80,62) 
(0,80,62) (0,82,62) (0,82,60) 
(2,82,60) (2,82,62) (2,80,62) 
(2,80,62) (2,80,60) (2,82,60) 
(0,82,62) (2,80,62) (2,82,62) 
(2,80,62) (0,82,62) (0,80,62) 
(2,82,60) (0,82,62) (2,82,62) 
(0,82,62) (2,82,60) (0,82,60) 
(0,80,82) (0,80,80) (2,80,80) 
(2,80,80) (2,80,82) (0,80,82) 
(2,80,80) (0,80,80) (0,82,80) 
(0,82,80) (2,82,80) (2,80,80) 
(0,82,80) (0,80,80) (0,80,82) 
(0,80,82) (0,82,82) (0,82,80) 
(2,82,80) (2,82,82) (2,80,82) 
(2,80,82) (2,80,80) (2,82,80) 
(0,82,82) (2,80,82) (2,82,82) 
(2,80,82) (0,82,82) (0,80,82) 
(2,82,80) (0,82,82) (2,82,82) 
(0,82,82) (2,82,80) (0,82,80) 
(0,80,102) (0,80,100) (2,80,100) 
(2,80,100) (2,80,102) (0,80,102) 
(2,80,100) (0,80,100) (0,82,100) 
(0,82,100) (2,82,100) (2,80,100) 
(0,82,100) (0,80,100) (0,80,102) 
(0,80,102) (0,82,102) (0,82,100) 
(2,82,100) (2,82,102) (2,80,102) 
(2,80,102) (2,80,100) (2,82,100) 
(0,82,102) (2,80,102) (2,82,102) 
(2,80,102) (0,82,102) (0,80,102) 
(2,82,100) (0,82,102) (2,82,102) 
(0,82,102) (2,82,100) (0,82,100) 
(0,100,2) (0,100,0) (2,100,0) 
(2,100,0) (2,100,2) (0,100,2) 
(2,100,0) (0,100,0) (0,102,0) 
(0,102,0) (2,102,0) (2,100,0) 
(0,102,0) (0,100,0) (0,100,2) 
(0,100,2) (0,102,2) (0,102,0) 
(2,102,0) (2,102,2) (2,100,2) 
(2,100,2) (2,100,0) (2,102,0) 
(0,102,2) (2,100,2) (2,102,2) 
(2,100,2) (0,102,2) (0,100,2) 
(2,102,0) (0,102,2) (2,102,2) 
(0,102,2) (2,102,0) (0,102,0) 
(0,100,22) (0,100,20) (2,100,20) 
(2,100,20) (2,100,22) (0,100,22) 
(2,100,20) (0,100,20) (0,102,20) 
(0,102,20) (2,102,20) (2,100,20) 
(0,102,20) (0,100,20) (0,100,22) 
(0,100,22) (0,102,22) (0,102,20) 
(2,102,20) (2,102,22) (2,100,22) 
(2,100,22) (2,100,20) (2,102,20) 
(0,102,22) (2,100,22) (2,102,22) 
(2,100,22) (0,102,22) (0,100,22) 
(2,102,20) (0,102,22) (2,102,22) 
(0,102,22) (2,102,20) (0,102,20) 
(0,100,42) (0,100,40) (2,100,40) 
(2,100,40) (2,100,42) (0,100,42) 
(2,100,40) (0,100,40) (0,102,40) 
(0,102,40) (2,102,40) (2,100,40) 
(0,102,40) (0,100,40) (0,100,42) 
(0,100,42) (0,102,42) (0,102,40) 
(2,102,40) (2,102,42) (2,100,42) 
(2,100,42) (2,100,40) (2,102,40) 
(0,102,42) (2,100,42) (2,102,42) 
(2,100,42) (0,102,42) (0,100,42) 
(2,102,40) (0,102,42) (2,102,42) 
(0,102,42) (2,102,40) (0,102,40) 
(0,100,62) (0,100,60) (2,100,60) 
(2,100,60) (2,100,62) (0,100,62) 
(2,100,60) (0,100,60) (0,102,60) 
(0,102,60) (2,102,60) (2,100,60) 
(0,102,60) (0,100,60) (0,100,62) 
(0,100,62) (0,102,62) (0,102,60) 
(2,102,60) (2,102,62) (2,100,62) 
(2,100,62) (2,100,60) (2,102,60) 
(0,102,62) (2,100,62) (2,102,62) 
(2,100,62) (0,102,62) (0,100,62) 
(2,102,60) (0,102,62) (2,102,62) 
(0,102,62) (2,102,60) (0,102,60) 
(0,100,82) (0,100,80) (2,100,80) 
(2,100,80) (2,100,82) (0,100,82) 
(2,100,80) (0,100,80) (0,102,80) 
(0,102,80) (2,102,80) (2,100,80) 
(0,102,80) (0,100,80) (0,100,82) 
(0,100,82) (0,102,82) (0,102,80) 
(2,102,80) (2,102,82) (2,100,82) 
(2,100,82) (2,100,80) (2,102,80) 
(0,102,82) (2,100,82) (2,102,82) 
(2,100,82) (0,102,82) (0,100,82) 
(2,102,80) (0,102,82) (2,102,82) 
(0,102,82) (2,102,80) (0,102,80) 
(0,100,102) (0,100,100) (2,100,100) 
(2,100,100) (2,100,102) (0,100,102) 
(2,100,100) (0,100,100) (0,102,100) 
(0,102,100) (2,102,100) (2,100,100) 
(0,102,100) (0,100,100) (0,100,102) 
(0,100,102) (0,102,102) (0,102,100) 
(2,102,100) (2,102,102) (2,100,102) 
(2,100,102) (2,100,100) (2,102,100) 
(0,102,102) (2,100,102) (2,102,102) 
(2,100,102) (0,102,102) (0,100,102) 
(2,102,100) (0,102,102) (2,102,102) 
(0,102,102) (2,102,100) (0,102,100) 
(20,0,2) (20,0,0) (22,0,0) 
(22,0,0) (22,0,2) (20,0,2) 
(22,0,0) (20,0,0) (20,2,0) 
(20,2,0) (22,2,0) (22,0,0) 
(20,2,0) (20,0,0) (20,0,2) 
(20,0,2) (20,2,2) (20,2,0) 
(22,2,0) (22,2,2) (22,0,2) 
(22,0,2) (22,0,0) (22,2,0) 
(20,2,2) (22,0,2) (22,2,2) 
(22,0,2) (20,2,2) (20,0,2) 
(22,2,0) (20,2,2) (22,2,2) 
(20,2,2) (22,2,0) (20,2,0) 
(20,0,22) (20,0,20) (22,0,20) 
(22,0,20) (22,0,22) (20,0,22) 
(22,0,20) (20,0,20) (20,2,20) 
(20,2,20) (22,2,20) (22,0,20) 
(20,2,20) (20,0,20) (20,0,22) 
(20,0,22) (20,2,22) (20,2,20) 
(22,2,20) (22,2,22) (22,0,22) 
(22,0,22) (22,0,20) (22,2,20) 
(20,2,22) (22,0,22) (22,2,22) 
(22,0,22) (20,2,22) (20,0,22) 
(22,2,20) (20,2,22) (22,2,22) 
(20,2,22) (22,2,20) (20,2,20) 
(20,0,42) (20,0,40) (22,0,40) 
(22,0,40) (22,0,42) (20,0,42) 
(22,0,40) (20,0,40) (20,2,40) 
(20,2,40) (22,2,40) (22,0,40) 
(20,2,40) (20,0,40) (20,0,42) 
(20,0,42) (20,2,42) (20,2,40) 
(22,2,40) (22,2,42) (22,0,42) 
(22,0,42) (22,0,40) (22,2,40) 
(20,2,42) (22,0,42) (22,2,42) 
(22,0,42) (20,2,42) (20,0,42) 
(22,2,40) (20,2,42) (22,2,42) 
(20,2,42) (22,2,40) (20,2,40) 
(20,0,62) (20,0,60) (22,0,60) 
(22,0,60) (22,0,62) (20,0,62) 
(22,0,60) (20,0,60) (20,2,60) 
(20,2,60) (22,2,60) (22,0,60) 
(20,2,60) (20,0,60) (20,0,62) 
(20,0,62) (20,2,62) (20,2,60) 
(22,2,60) (22,2,62) (22,0,62) 
(22,0,62) (22,0,60) (22,2,60) 
(20,2,62) (22,0,62) (22,2,62) 
(22,0,62) (20,2,62) (20,0,62) 
(22,2,60) (20,2,62) (22,2,62) 
(20,2,62) (22,2,60) (20,2,60) 
(20,0,82) (20,0,80) (22,0,80) 
(22,0,80) (22,0,82) (20,0,82) 
(22,0,80) (20,0,80) (20,2,80) 
(20,2,80) (22,2,80) (22,0,80) 
(20,2,80) (20,0,80) (20,0,82) 
(20,0,82) (20,2,82) (20,2,80) 
(22,2,80) (22,2,82) (22,0,82) 
(22,0,82) (22,0,80) (22,2,80) 
(20,2,82) (22,0,82) (22,2,82) 
(22,0,82) (20,2,82) (20,0,82) 
(22,2,80) (20,2,82) (22,2,82) 
(20,2,82) (22,2,80) (20,2,80) 
(20,0,102) (20,0,100) (22,0,100) 
(22,0,100) (22,0,102) (20,0,102) 
(22,0,100) (20,0,100) (20,2,100) 
(20,2,100) (22,2,100) (22,0,100) 
(20,2,100) (20,0,100) (20,0,102) 
(20,0,102) (20,2,102) (20,2,100) 
(22,2,100) (22,2,102) (22,0,102) 
(22,0,102) (22,0,100) (22,2,100) 
(20,2,102) (22,0,102) (22,2,102) 
(22,0,102) (20,2,102) (20,0,102) 
(22,2,100) (20,2,102) (22,2,102) 
(20,2,102) (22,2,100) (20,2,100) 
(20,20,2) (20,20,0) (22,20,0) 
(22,20,0) (22,20,2) (20,20,2) 
(22,20,0) (20,20,0) (20,22,0) 
(20,22,0) (22,22,0) (22,20,0) 
(20,22,0) (20,20,0) (20,20,2) 
(20,20,2) (20,22,2) (20,22,0) 
(22,22,0) (22,22,2) (22,20,2) 
(22,20,2) (22,20,0) (22,22,0) 
(20,22,2) (22,20,2) (22,22,2) 
(22,20,2) (20,22,2) (20,20,2) 
(22,22,0) (20,22,2) (22,22,2) 
(20,22,2) (22,22,0) (20,22,0) 
(20,20,22) (20,20,20) (22,20,20) 
(22,20,20) (22,20,22) (20,20,22) 
(22,20,20) (20,20,20) (20,22,20) 
(20,22,20) (22,22,20) (22,20,20) 
(20,22,20) (20,20,20) (20,20,22) 
(20,20,22) (20,22,22) (20,22,20) 
(22,22,20) (22,22,22) (22,20,22) 
(22,20,22) (22,20,20) (22,22,20) 
(20,22,22) (22,20,22) (22,22,22) 
(22,20,22) (20,22,22) (20,20,22) 
(22,22,20) (20,22,22) (22,22,22) 
(20,22,22) (22,22,20) (20,22,20) 
(20,20,42) (20,20,40) (22,20,40) 
(22,20,40) (22,20,42) (20,20,42) 
(22,20,40) (20,20,40) (20,22,40) 
(20,22,40) (22,22,40) (22,20,40) 
(20,22,40) (20,20,40) (20,20,42) 
(20,20,42) (20,22,42) (20,22,40) 
(22,22,40) (22,22,42) (22,20,42) 
(22,20,42) (22,20,40) (22,22,40) 
(20,22,42) (22,20,42) (22,22,42) 
(22,20,42) (20,22,42) (20,20,42) 
(22,22,40) (20,22,42) (22,22,42) 
(20,22,42) (22,22,40) (20,22,40) 
(20,20,62) (20,20,60) (22,20,60) 
(22,20,60) (22,20,62) (20,20,62) 
(22,20,60) (20,20,60) (20,22,60) 
(20,22,60) (22,22,60) (22,20,60) 
(20,22,60) (20,20,60) (20,20,62) 
(20,20,62) (20,22,62) (20,22,60) 
(22,22,60) (22,22,62) (22,20,62) 
(22,20,62) (22,20,60) (22,22,60) 
(20,22,62) (22,20,62) (22,22,62) 
(22,20,62) (20,22,62) (20,20,62) 
(22,22,60) (20,22,62) (22,22,62) 
(20,22,62) (22,22,60) (20,22,60) 
(20,20,82) (20,20,80) (22,20,80) 
(22,20,80) (22,20,82) (20,20,82) 
(22,20,80) (20,20,80) (20,22,80) 
(20,22,80) (22,22,80) (22,20,80) 
(20,22,80) (20,20,80) (20,20,82) 
(20,20,82) (20,22,82) (20,22,80) 
(22,22,80) (22,22,82) (22,20,82) 
(22,20,82) (22,20,80) (22,22,80) 
(20,22,82) (22,20,82) (22,22,82) 
(22,20,82) (20,22,82) (20,20,82) 
(22,22,80) (20,22,82) (22,22,82) 
(20,22,82) (22,22,80) (20,22,80) 
(20,20,102) (20,20,100) (22,20,100) 
(22,20,100) (22,20,102) (20,20,102) 
(22,20,100) (20,20,100) (20,22,100) 
(20,22,100) (22,22,100) (22,20,100) 
(20,22,100) (20,20,100) (20,20,102) 
(20,20,102) (20,22,102) (20,22,100) 
(22,22,100) (22,22,102) (22,20,102) 
(22,20,102) (22,20,100) (22,22,100) 
(20,22,102) (22,20,102) (22,22,102) 
(22,20,102) (20,22,102) (20,20,102) 
(22,22,100) (20,22,102) (22,22,102) 
(20,22,102) (22,22,100) (20,22,100) 
(20,40,2) (20,40,0) (22,40,0) 
(22,40,0) (22,40,2) (20,40,2) 
(22,40,0) (20,40,0) (20,42,0) 
(20,42,0) (22,42,0) (22,40,0) 
(20,42,0) (20,40,0) (20,40,2) 
(20,40,2) (20,42,2) (20,42,0) 
(22,42,0) (22,42,2) (22,40,2) 
(22,40,2) (22,40,0) (22,42,0) 
(20,42,2) (22,40,2) (22,42,2) 
(22,40,2) (20,42,2) (20,40,2) 
(22,42,0) (20,42,2) (22,42,2) 
(20,42,2) (22,42,0) (20,42,0) 
(20,40,22) (20,40,20) (22,40,20) 
(22,40,20) (22,40,22) (20,40,22) 
(22,40,20) (20,40,20) (20,42,20) 
(20,42,20) (22,42,20) (22,40,20) 
(20,42,20) (20,40,20) (20,40,22) 
(20,40,22) (20,42,22) (20,42,20) 
(22,42,20) (22,42,22) (22,40,22) 
(22,40,22) (22,40,20) (22,42,20) 
(20,42,22) (22,40,22) (22,42,22) 
(22,40,22) (20,42,22) (20,40,22) 
(22,42,20) (20,42,22) (22,42,22) 
(20,42,22) (22,42,20) (20,42,20) 
(20,40,42) (20,40,40) (22,40,40) 
(22,40,40) (22,40,42) (20,40,42) 
(22,40,40) (20,40,40) (20,42,40) 
(20,42,40) (22,42,40) (22,40,40) 
(20,42,40) (20,40,40) (20,40,42) 
(20,40,42) (20,42,42) (20,42,40) 
(22,42,40) (22,42,42) (22,40,42) 
(22,40,42) (22,40,40) (22,42,40) 
(20,42,42) (22,40,42) (22,42,42) 
(22,40,42) (20,42,42) (20,40,42) 
(22,42,40) (20,42,42) (22,42,42) 
(20,42,42) (22,42,40) (20,42,40) 
(20,40,62) (20,40,60) (22,40,60) 
(22,40,60) (22,40,62) (20,40,62) 
(22,40,60) (20,40,60) (20,42,60) 
(20,42,60) (22,42,60) (22,40,60) 
(20,42,60) (20,40,60) (20,40,62) 
(20,40,62) (20,42,62) (20,42,60) 
(22,42,60) (22,42,62) (22,40,62) 
(22,40,62) (22,40,60) (22,42,60) 
(20,42,62) (22,40,62) (22,42,62) 
(22,40,62) (20,42,62) (20,40,62) 
(22,42,60) (20,42,62) (22,42,62) 
(20,42,62) (22,42,60) (20,42,60) 
(20,40,82) (20,40,80) (22,40,80) 
(22,40,80) (22,40,82) (20,40,82) 
(22,40,80) (20,40,80) (20,42,80) 
(20,42,80) (22,42,80) (22,40,80) 
(20,42,80) (20,40,80) (20,40,82) 
(20,40,82) (20,42,82) (20,42,80) 
(22,42,80) (22,42,82) (22,40,82) 
(22,40,82) (22,40,80) (22,42,80) 
(20,42,82) (22,40,82) (22,42,82) 
(22,40,82) (20,42,82) (20,40,82) 
(22,42,80) (20,42,82) (22,42,82) 
(20,42,82) (22,42,80) (20,42,80) 
(20,40,102) (20,40,100) (22,40,100) 
(22,40,100) (22,40,102) (20,40,102) 
(22,40,100) (20,40,100) (20,42,100) 
(20,42,100) (22,42,100) (22,40,100) 
(20,42,100) (20,40,100) (20,40,102) 
(20,40,102) (20,42,102) (20,42,100) 
(22,42,100) (22,42,102) (22,40,102) 
(22,40,102) (22,40,100) (22,42,100) 
(20,42,102) (22,40,102) (22,42,102) 
(22,40,102) (20,42,102) (20,40,102) 
(22,42,100) (20,42,102) (22,42,102) 
(20,42,102) (22,42,100) (20,42,100) 
(20,60,2) (20,60,0) (22,60,0) 
(22,60,0) (22,60,2) (20,60,2) 
(22,60,0) (20,60,0) (20,62,0) 
(20,62,0) (22,62,0) (22,60,0) 
(20,62,0) (20,60,0) (20,60,2) 
(20,60,2) (20,62,2) (20,62,0) 
(22,62,0) (22,62,2) (22,60,2) 
(22,60,2) (22,60,0) (22,62,0) 
(20,62,2) (22,60,2) (22,62,2) 
(22,60,2) (20,62,2) (20,60,2) 
(22,62,0) (20,62,2) (22,62,2) 
(20,62,2) (22,62,0) (20,62,0) 
(20,60,22) (20,60,20) (22,60,20) 
(22,60,20) (22,60,22) (20,60,22) 
(22,60,20) (20,60,20) (20,62,20) 
(20,62,20) (22,62,20) (22,60,20) 
(20,62,20) (20,60,20) (20,60,22) 
(20,60,22) (20,62,22) (20,62,20) 
(22,62,20) (22,62,22) (22,60,22) 
(22,60,22) (22,60,20) (22,62,20) 
(20,62,22) (22,60,22) (22,62,22) 
(22,60,22) (20,62,22) (20,60,22) 
(22,62,20) (20,62,22) (22,62,22) 
(20,62,22) (22,62,20) (20,62,20) 
(20,60,42) (20,60,40) (22,60,40) 
(22,60,40) (22,60,42) (20,60,42) 
(22,60,40) (20,60,40) (20,62,40) 
(20,62,40) (22,62,40) (22,60,40) 
(20,62,40) (20,60,40) (20,60,42) 
(20,60,42) (20,62,42) (20,62,40) 
(22,62,40) (22,62,42) (22,60,42) 
(22,60,42) (22,60,40) (22,62,40) 
(20,62,42) (22,60,42) (22,62,42) 
(22,60,42) (20,62,42) (20,60,42) 
(22,62,40) (20,62,42) (22,62,42) 
(20,62,42) (22,62,40) (20,62,40) 
(20,60,62) (20,60,60) (22,60,60) 
(22,60,60) (22,60,62) (20,60,62) 
(22,60,60) (20,60,60) (20,62,60) 
(20,62,60) (22,62,60) (22,60,60) 
(20,62,60) (20,60,60) (20,60,62) 
(20,60,62) (20,62,62) (20,62,60) 
(22,62,60) (22,62,62) (22,60,62) 
(22,60,62) (22,60,60) (22,62,60) 
(20,62,62) (22,60,62) (22,62,62) 
(22,60,62) (20,62,62) (20,60,62) 
(22,62,60) (20,62,62) (22,62,62) 
(20,62,62) (22,62,60) (20,62,60) 
(20,60,82) (20,60,80) (22,60,80) 
(22,60,80) (22,60,82) (20,60,82) 
(22,60,80) (20,60,80) (20,62,80) 
(20,62,80) (22,62,80) (22,60,80) 
(20,62,80) (20,60,80) (20,60,82) 
(20,60,82) (20,62,82) (20,62,80) 
(22,62,80) (22,62,82) (22,60,82) 
(22,60,82) (22,60,80) (22,62,80) 
(20,62,82) (22,60,82) (22,62,82) 
(22,60,82) (20,62,82) (20,60,82) 
(22,62,80) (20,62,82) (22,62,82) 
(20,62,82) (22,62,80) (20,62,80) 
(20,60,102) (20,60,100) (22,60,100) 
(22,60,100) (22,60,102) (20,60,102) 
(22,60,100) (20,60,100) (20,62,100) 
(20,62,100) (22,62,100) (22,60,100) 
(20,62,100) (20,60,100) (20,60,102) 
(20,60,102) (20,62,102) (20,62,100) 
(22,62,100) (22,62,102) (22,60,102) 
(22,60,102) (22,60,100) (22,62,100) 
(20,62,102) (22,60,102) (22,62,102) 
(22,60,102) (20,62,102) (20,60,102) 
(22,62,100) (20,62,102) (22,62,102) 
(20,62,102) (22,62,100) (20,62,100) 
(20,80,2) (20,80,0) (22,80,0) 
(22,80,0) (22,80,2) (20,80,2) 
(22,80,0) (20,80,0) (20,82,0) 
(20,82,0) (22,82,0) (22,80,0) 
(20,82,0) (20,80,0) (20,80,2) 
(20,80,2) (20,82,2) (20,82,0) 
(22,82,0) (22,82,2) (22,80,2) 
(22,80,2) (22,80,0) (22,82,0) 
(20,82,2) (22,80,2) (22,82,2) 
(22,80,2) (20,82,2) (20,80,2) 
(22,82,0) (20,82,2) (22,82,2) 
(20,82,2) (22,82,0) (20,82,0) 
(20,80,22) (20,80,20) (22,80,20) 
(22,80,20) (22,80,22) (20,80,22) 
(22,80,20) (20,80,20) (20,82,20) 
(20,82,20) (22,82,20) (22,80,20) 
(20,82,20) (20,80,20) (20,80,22) 
(20,80,22) (20,82,22) (20,82,20) 
(22,82,20) (22,82,22) (22,80,22) 
(22,80,22) (22,80,20) (22,82,20) 
(20,82,22) (22,80,22) (22,82,22) 
(22,80,22) (20,82,22) (20,80,22) 
(22,82,20) (20,82,22) (22,82,22) 
(20,82,22) (22,82,20) (20,82,20) 
(20,80,42) (20,80,40) (22,80,40) 
(22,80,40) (22,80,42) (20,80,42) 
(22,80,40) (20,80,40) (20,82,40) 
(20,82,40) (22,82,40) (22,80,40) 
(20,82,40) (20,80,40) (20,80,42) 
(20,80,42) (20,82,42) (20,82,40) 
(22,82,40) (22,82,42) (22,80,42) 
(22,80,42) (22,80,40) (22,82,40) 
(20,82,42) (22,80,42) (22,82,42) 
(22,80,42) (20,82,42) (20,80,42) 
(22,82,40) (20,82,42) (22,82,42) 
(20,82,42) (22,82,40) (20,82,40) 
(20,80,62) (20,80,60) (22,80,60) 
(22,80,60) (22,80,62) (20,80,62) 
(22,80,60) (20,80,60) (20,82,60) 
(20,82,60) (22,82,60) (22,80,60) 
(20,82,60) (20,80,60) (20,80,62) 
(20,80,62) (20,82,62) (20,82,60) 
(22,82,60) (22,82,62) (22,80,62) 
(22,80,62) (22,80,60) (22,82,60) 
(20,82,62) (22,80,62) (22,82,62) 
(22,80,62) (20,82,62) (20,80,62) 
(22,82,60) (20,82,62) (22,82,62) 
(20,82,62) (22,82,60) (20,82,60) 
(20,80,82) (20,80,80) (22,80,80) 
(22,80,80) (22,80,82) (20,80,82) 
(22,80,80) (20,80,80) (20,82,80) 
(20,82,80) (22,82,80) (22,80,80) 
(20,82,80) (20,80,80) (20,80,82) 
(20,80,82) (20,82,82) (20,82,80) 
(22,82,80) (22,82,82) (22,80,82) 
(22,80,82) (22,80,80) (22,82,80) 
(20,82,82) (22,80,82) (22,82,82) 
(22,80,82) (20,82,82) (20,80,82) 
(22,82,80) (20,82,82) (22,82,82) 
(20,82,82) (22,82,80) (20,82,80) 
(20,80,102) (20,80,100) (22,80,100) 
(22,80,100) (22,80,102) (20,80,102) 
(22,80,100) (20,80,100) (20,82,100) 
(20,82,100) (22,82,100) (22,80,100) 
(20,82,100) (20,80,100) (20,80,102) 
(20,80,102) (20,82,102) (20,82,100) 
(22,82,100) (22,82,102) (22,80,102) 
(22,80,102) (22,80,100) (22,82,100) 
(20,82,102) (22,80,102) (22,82,102) 
(22,80,102) (20,82,102) (20,80,102) 
(22,82,100) (20,82,102) (22,82,102) 
(20,82,102) (22,82,100) (20,82,100) 
(20,100,2) (20,100,0) (22,100,0) 
(22,100,0) (22,100,2) (20,100,2) 
(22,100,0) (20,100,0) (20,102,0) 
(20,102,0) (22,102,0) (22,100,0) 
(20,102,0) (20,100,0) (20,100,2) 
(20,100,2) (20,102,2) (20,102,0) 
(22,102,0) (22,102,2) (22,100,2) 
(22,100,2) (22,100,0) (22,102,0) 
(20,102,2) (22,100,2) (22,102,2) 
(22,100,2) (20,102,2) (20,100,2) 
(22,102,0) (20,102,2) (22,102,2) 
(20,102,2) (22,102,0) (20,102,0) 
(20,100,22) (20,100,20) (22,100,20) 
(22,100,20) (22,100,22) (20,100,22) 
(22,100,20) (20,100,20) (20,102,20) 
(20,102,20) (22,102,20) (22,100,20) 
(20,102,20) (20,100,20) (20,100,22) 
(20,100,22) (20,102,22) (20,102,20) 
(22,102,20) (22,102,22) (22,100,22) 
(22,100,22) (22,100,20) (22,102,20) 
(20,102,22) (22,100,22) (22,102,22) 
(22,100,22) (20,102,22) (20,100,22) 
(22,102,20) (20,102,22) (22,102,22) 
(20,102,22) (22,102,20) (20,102,20) 
(20,100,42) (20,100,40) (22,100,40) 
(22,100,40) (22,100,42) (20,100,42) 
(22,100,40) (20,100,40) (20,102,40) 
(20,102,40) (22,102,40) (22,100,40) 
(20,102,40) (20,100,40) (20,100,42) 
(20,100,42) (20,102,42) (20,102,40) 
(22,102,40) (22,102,42) (22,100,42) 
(22,100,42) (22,100,40) (22,102,40) 
(20,102,42) (22,100,42) (22,102,42) 
(22,100,42) (20,102,42) (20,100,42) 
(22,102,40) (20,102,42) (22,102,42) 
(20,102,42) (22,102,40) (20,102,40) 
(20,100,62) (20,100,60) (22,100,60) 
(22,100,60) (22,100,62) (20,100,62) 
(22,100,60) (20,100,60) (20,102,60) 
(20,102,60) (22,102,60) (22,100,60) 
(20,102,60) (20,100,60) (20,100,62) 
(20,100,62) (20,102,62) (20,102,60) 
(22,102,60) (22,102,62) (22,100,62) 
(22,100,62) (22,100,60) (22,102,60) 
(20,102,62) (22,100,62) (22,102,62) 
(22,100,62) (20,102,62) (20,100,62) 
(22,102,60) (20,102,62) (22,102,62) 
(20,102,62) (22,102,60) (20,102,60) 
(20,100,82) (20,100,80) (22,100,80) 
(22,100,80) (22,100,82) (20,100,82) 
(22,100,80) (20,100,80) (20,102,80) 
(20,102,80) (22,102,80) (22,100,80) 
(20,102,80) (20,100,80) (20,100,82) 
(20,100,82) (20,102,82) (20,102,80) 
(22,102,80) (22,102,82) (22,100,82) 
(22,100,82) (22,100,80) (22,102,80) 
(20,102,82) (22,100,82) (22,102,82) 
(22,100,82) (20,102,82) (20,100,82) 
(22,102,80) (20,102,82) (22,102,82) 
(20,102,82) (22,102,80) (20,102,80) 
(20,100,102) (20,100,100) (22,100,100) 
(22,100,100) (22,100,102) (20,100,102) 
(22,100,100) (20,100,100) (20,102,100) 
(20,102,100) (22,102,100) (22,100,100) 
(20,102,100) (20,100,100) (20,100,102) 
(20,100,102) (20,102,102) (20,102,100) 
(22,102,100) (22,102,102) (22,100,102) 
(22,100,102) (22,100,100) (22,102,100) 
(20,102,102) (22,100,102) (22,102,102) 
(22,100,102) (20,102,102) (20,100,102) 
(22,102,100) (20,102,102) (22,102,102) 
(20,102,102) (22,102,100) (20,102,100) 
(40,0,2) (40,0,0) (42,0,0) 
(42,0,0) (42,0,2) (40,0,2) 
(42,0,0) (40,0,0) (40,2,0) 
(40,2,0) (42,2,0) (42,0,0) 
(40,2,0) (40,0,0) (40,0,2) 
(40,0,2) (40,2,2) (40,2,0) 
(42,2,0) (42,2,2) (42,0,2) 
(42,0,2) (42,0,0) (42,2,0) 
(40,2,2) (42,0,2) (42,2,2) 
(42,0,2) (40,2,2) (40,0,2) 
(42,2,0) (40,2,2) (42,2,2) 
(40,2,2) (42,2,0) (40,2,0) 
(40,0,22) (40,0,20) (42,0,20) 
(42,0,20) (42,0,22) (40,0,22) 
(42,0,20) (40,0,20) (40,2,20) 
(40,2,20) (42,2,20) (42,0,20) 
(40,2,20) (40,0,20) (40,0,22) 
(40,0,22) (40,2,22) (40,2,20) 
(42,2,20) (42,2,22) (42,0,22) 
(42,0,22) (42,0,20) (42,2,20) 
(40,2,22) (42,0,22) (42,2,22) 
(42,0,22) (40,2,22) (40,0,22) 
(42,2,20) (40,2,22) (42,2,22) 
(40,2,22) (42,2,20) (40,2,20) 
(40,0,42) (40,0,40) (42,0,40) 
(42,0,40) (42,0,42) (40,0,42) 
(42,0,40) (40,0,40) (40,2,40) 
(40,2,40) (42,2,40) (42,0,40) 
(40,2,40) (40,0,40) (40,0,42) 
(40,0,42) (40,2,42) (40,2,40) 
(42,2,40) (42,2,42) (42,0,42) 
(42,0,42) (42,0,40) (42,2,40) 
(40,2,42) (42,0,42) (42,2,42) 
(42,0,42) (40,2,42) (40,0,42) 
(42,2,40) (40,2,42) (42,2,42) 
(40,2,42) (42,2,40) (40,2,40) 
(40,0,62) (40,0,60) (42,0,60) 
(42,0,60) (42,0,62) (40,0,62) 
(42,0,60) (40,0,60) (40,2,60) 
(40,2,60) (42,2,60) (42,0,60) 
(40,2,60) (40,0,60) (40,0,62) 
(40,0,62) (40,2,62) (40,2,60) 
(42,2,60) (42,2,62) (42,0,62) 
(42,0,62) (42,0,60) (42,2,60) 
(40,2,62) (42,0,62) (42,2,62) 
(42,0,62) (40,2,62) (40,0,62) 
(42,2,60) (40,2,62) (42,2,62) 
(40,2,62) (42,2,60) (40,2,60) 
(40,0,82) (40,0,80) (42,0,80) 
(42,0,80) (42,0,82) (40,0,82) 
(42,0,80) (40,0,80) (40,2,80) 
(40,2,80) (42,2,80) (42,0,80) 
(40,2,80) (40,0,80) (40,0,82) 
(40,0,82) (40,2,82) (40,2,80) 
(42,2,80) (42,2,82) (42,0,82) 
(42,0,82) (42,0,80) (42,2,80) 
(40,2,82) (42,0,82) (42,2,82) 
(42,0,82) (40,2,82) (40,0,82) 
(42,2,80) (40,2,82) (42,2,82) 
(40,2,82) (42,2,80) (40,2,80) 
(40,0,102) (40,0,100) (42,0,100) 
(42,0,100) (42,0,102) (40,0,102) 
(42,0,100) (40,0,100) (40,2,100) 
(40,2,100) (42,2,100) (42,0,100) 
(40,2,100) (40,0,100) (40,0,102) 
(40,0,102) (40,2,102) (40,2,100) 
(42,2,100) (42,2,102) (42,0,102) 
(42,0,102) (42,0,100) (42,2,100) 
(40,2,102) (42,0,102) (42,2,102) 
(42,0,102) (40,2,102) (40,0,102) 
(42,2,100) (40,2,102) (42,2,102) 
(40,2,102) (42,2,100) (40,2,100) 
(40,20,2) (40,20,0) (42,20,0) 
(42,20,0) (42,20,2) (40,20,2) 
(42,20,0) (40,20,0) (40,22,0) 
(40,22,0) (42,22,0) (42,20,0) 
(40,22,0) (40,20,0) (40,20,2) 
(40,20,2) (40,22,2) (40,22,0) 
(42,22,0) (42,22,2) (42,20,2) 
(42,20,2) (42,20,0) (42,22,0) 
(40,22,2) (42,20,2) (42,22,2) 
(42,20,2) (40,22,2) (40,20,2) 
(42,22,0) (40,22,2) (42,22,2) 
(40,22,2) (42,22,0) (40,22,0) 
(40,20,22) (40,20,20) (42,20,20) 
(42,20,20) (42,20,22) (40,20,22) 
(42,20,20) (40,20,20) (40,22,20) 
(40,22,20) (42,22,20) (42,20,20) 
(40,22,20) (40,20,20) (40,20,22) 
(40,20,22) (40,22,22) (40,22,20) 
(42,22,20) (42,22,22) (42,20,22) 
(42,20,22) (42,20,20) (42,22,20) 
(40,22,22) (42,20,22) (42,22,22) 
(42,20,22) (40,22,22) (40,20,22) 
(42,22,20) (40,22,22) (42,22,22) 
(40,22,22) (42,22,20) (40,22,20) 
(40,20,42) (40,20,40) (42,20,40) 
(42,20,40) (42,20,42) (40,20,42) 
(42,20,40) (40,20,40) (40,22,40) 
(40,22,40) (42,22,40) (42,20,40) 
(40,22,40) (40,20,40) (40,20,42) 
(40,20,42) (40,22,42) (40,22,40) 
(42,22,40) (42,22,42) (42,20,42) 
(42,20,42) (42,20,40) (42,22,40) 
(40,22,42) (42,20,42) (42,22,42) 
(42,20,42) (40,22,42) (40,20,42) 
(42,22,40) (40,22,42) (42,22,42) 
(40,22,42) (42,22,40) (40,22,40) 
(40,20,62) (40,20,60) (42,20,60) 
(42,20,60) (42,20,62) (40,20,62) 
(42,20,60) (40,20,60) (40,22,60) 
(40,22,60) (42,22,60) (42,20,60) 
(40,22,60) (40,20,60) (40,20,62) 
(40,20,62) (40,22,62) (40,22,60) 
(42,22,60) (42,22,62) (42,20,62) 
(42,20,62) (42,20,60) (42,22,60) 
(40,22,62) (42,20,62) (42,22,62) 
(42,20,62) (40,22,62) (40,20,62) 
(42,22,60) (40,22,62) (42,22,62) 
(40,22,62) (42,22,60) (40,22,60) 
(40,20,82) (40,20,80) (42,20,80) 
(42,20,80) (42,20,82) (40,20,82) 
(42,20,80) (40,20,80) (40,22,80) 
(40,22,80) (42,22,80) (42,20,80) 
(40,22,80) (40,20,80) (40,20,82) 
(40,20,82) (40,22,82) (40,22,80) 
(42,22,80) (42,22,82) (42,20,82) 
(42,20,82) (42,20,80) (42,22,80) 
(40,22,82) (42,20,82) (42,22,82) 
(42,20,82) (40,22,82) (40,20,82) 
(42,22,80) (40,22,82) (42,22,82) 
(40,22,82) (42,22,80) (40,22,80) 
(40,20,102) (40,20,100) (42,20,100) 
(42,20,100) (42,20,102) (40,20,102) 
(42,20,100) (40,20,100) (40,22,100) 
(40,22,100) (42,22,100) (42,20,100) 
(40,22,100) (40,20,100) (40,20,102) 
(40,20,102) (40,22,102) (40,22,100) 
(42,22,100) (42,22,102) (42,20,102) 
(42,20,102) (42,20,100) (42,22,100) 
(40,22,102) (42,20,102) (42,22,102) 
(42,20,102) (40,22,102) (40,20,102) 
(42,22,100) (40,22,102) (42,22,102) 
(40,22,102) (42,22,100) (40,22,100) 
(40,40,2) (40,40,0) (42,40,0) 
(42,40,0) (42,40,2) (40,40,2) 
(42,40,0) (40,40,0) (40,42,0) 
(40,42,0) (42,42,0) (42,40,0) 
(40,42,0) (40,40,0) (40,40,2) 
(40,40,2) (40,42,2) (40,42,0) 
(42,42,0) (42,42,2) (42,40,2) 
(42,40,2) (42,40,0) (42,42,0) 
(40,42,2) (42,40,2) (42,42,2) 
(42,40,2) (40,42,2) (40,40,2) 
(42,42,0) (40,42,2) (42,42,2) 
(40,42,2) (42,42,0) (40,42,0) 
(40,40,22) (40,40,20) (42,40,20) 
(42,40,20) (42,40,22) (40,40,22) 
(42,40,20) (40,40,20) (40,42,20) 
(40,42,20) (42,42,20) (42,40,20) 
(40,42,20) (40,40,20) (40,40,22) 
(40,40,22) (40,42,22) (40,42,20) 
(42,42,20) (42,42,22) (42,40,22) 
(42,40,22) (42,40,20) (42,42,20) 
(40,42,22) (42,40,22) (42,42,22) 
(42,40,22) (40,42,22) (40,40,22) 
(42,42,20) (40,42,22) (42,42,22) 
(40,42,22) (42,42,20) (40,42,20) 
(40,40,42) (40,40,40) (42,40,40) 
(42,40,40) (42,40,42) (40,40,42) 
(42,40,40) (40,40,40) (40,42,40) 
(40,42,40) (42,42,40) (42,40,40) 
(40,42,40) (40,40,40) (40,40,42) 
(40,40,42) (40,42,42) (40,42,40) 
(42,42,40) (42,42,42) (42,40,42) 
(42,40,42) (42,40,40) (42,42,40) 
(40,42,42) (42,40,42) (42,42,42) 
(42,40,42) (40,42,42) (40,40,42) 
(42,42,40) (40,42,42) (42,42,42) 
(40,42,42) (42,42,40) (40,42,40) 
(40,40,62) (40,40,60) (42,40,60) 
(42,40,60) (42,40,62) (40,40,62) 
(42,40,60) (40,40,60) (40,42,60) 
(40,42,60) (42,42,60) (42,40,60) 
(40,42,60) (40,40,60) (40,40,62) 
(40,40,62) (40,42,62) (40,42,60) 
(42,42,60) (42,42,62) (42,40,62) 
(42,40,62) (42,40,60) (42,42,60) 
(40,42,62) (42,40,62) (42,42,62) 
(42,40,62) (40,42,62) (40,40,62) 
(42,42,60) (40,42,62) (42,42,62) 
(40,42,62) (42,42,60) (40,42,60) 
(40,40,82) (40,40,80) (42,40,80) 
(42,40,80) (42,40,82) (40,40,82) 
(42,40,80) (40,40,80) (40,42,80) 
(40,42,80) (42,42,80) (42,40,80) 
(40,42,80) (40,40,80) (40,40,82) 
(40,40,82) (40,42,82) (40,42,80) 
(42,42,80) (42,42,82) (42,40,82) 
(42,40,82) (42,40,80) (42,42,80) 
(40,42,82) (42,40,82) (42,42,82) 
(42,40,82) (40,42,82) (40,40,82) 
(42,42,80) (40,42,82) (42,42,82) 
(40,42,82) (42,42,80) (40,42,80) 
(40,40,102) (40,40,100) (42,40,100) 
(42,40,100) (42,40,102) (40,40,102) 
(42,40,100) (40,40,100) (40,42,100) 
(40,42,100) (42,42,100) (42,40,100) 
(40,42,100) (40,40,100) (40,40,102) 
(40,40,102) (40,42,102) (40,42,100) 
(42,42,100) (42,42,102) (42,40,102) 
(42,40,102) (42,40,100) (42,42,100) 
(40,42,102) (42,40,102) (42,42,102) 
(42,40,102) (40,42,102) (40,40,102) 
(42,42,100) (40,42,102) (42,42,102) 
(40,42,102) (42,42,100) (40,42,100) 
(40,60,2) (40,60,0) (42,60,0) 
(42,60,0) (42,60,2) (40,60,2) 
(42,60,0) (40,60,0) (40,62,0) 
(40,62,0) (42,62,0) (42,60,0) 
(40,62,0) (40,60,0) (40,60,2) 
(40,60,2) (40,62,2) (40,62,0) 
(42,62,0) (42,62,2) (42,60,2) 
(42,60,2) (42,60,0) (42,62,0) 
(40,62,2) (42,60,2) (42,62,2) 
(42,60,2) (40,62,2) (40,60,2) 
(42,62,0) (40,62,2) (42,62,2) 
(40,62,2) (42,62,0) (40,62,0) 
(40,60,22) (40,60,20) (42,60,20) 
(42,60,20) (42,60,22) (40,60,22) 
(42,60,20) (40,60,20) (40,62,20) 
(40,62,20) (42,62,20) (42,60,20) 
(40,62,20) (40,60,20) (40,60,22) 
(40,60,22) (40,62,22) (40,62,20) 
(42,62,20) (42,62,22) (42,60,22) 
(42,60,22) (42,60,20) (42,62,20) 
(40,62,22) (42,60,22) (42,62,22) 
(42,60,22) (40,62,22) (40,60,22) 
(42,62,20) (40,62,22) (42,62,22) 
(40,62,22) (42,62,20) (40,62,20) 
(40,60,42) (40,60,40) (42,60,40) 
(42,60,40) (42,60,42) (40,60,42) 
(42,60,40) (40,60,40) (40,62,40) 
(40,62,40) (42,62,40) (42,60,40) 
(40,62,40) (40,60,40) (40,60,42) 
(40,60,42) (40,62,42) (40,62,40) 
(42,62,40) (42,62,42) (42,60,42) 
(42,60,42) (42,60,40) (42,62,40) 
(40,62,42) (42,60,42) (42,62,42) 
(42,60,42) (40,62,42) (40,60,42) 
(42,62,40) (40,62,42) (42,62,42) 
(40,62,42) (42,62,40) (40,62,40) 
(40,60,62) (40,60,60) (42,60,60) 
(42,60,60) (42,60,62) (40,60,62) 
(42,60,60) (40,60,60) (40,62,60) 
(40,62,60) (42,62,60) (42,60,60) 
(40,62,60) (40,60,60) (40,60,62) 
(40,60,62) (40,62,62) (40,62,60) 
(42,62,60) (42,62,62) (42,60,62) 
(42,60,62) (42,60,60) (42,62,60) 
(40,62,62) (42,60,62) (42,62,62) 
(42,60,62) (40,62,62) (40,60,62) 
(42,62,60) (40,62,62) (42,62,62) 
(40,62,62) (42,62,60) (40,62,60) 
(40,60,82) (40,60,80) (42,60,80) 
(42,60,80) (42,60,82) (40,60,82) 
(42,60,80) (40,60,80) (40,62,80) 
(40,62,80) (42,62,80) (42,60,80) 
(40,62,80) (40,60,80) (40,60,82) 
(40,60,82) (40,62,82) (40,62,80) 
(42,62,80) (42,62,82) (42,60,82) 
(42,60,82) (42,60,80) (42,62,80) 
(40,62,82) (42,60,82) (42,62,82) 
(42,60,82) (40,62,82) (40,60,82) 
(42,62,80) (40,62,82) (42,62,82) 
(40,62,82) (42,62,80) (40,62,80) 
(40,60,102) (40,60,100) (42,60,100) 
(42,60,100) (42,60,102) (40,60,102) 
(42,60,100) (40,60,100) (40,62,100) 
(40,62,100) (42,62,100) (42,60,100) 
(40,62,100) (40,60,100) (40,60,102) 
(40,60,102) (40,62,102) (40,62,100) 
(42,62,100) (42,62,102) (42,60,102) 
(42,60,102) (42,60,100) (42,62,100) 
(40,62,102) (42,60,102) (42,62,102) 
(42,60,102) (40,62,102) (40,60,102) 
(42,62,100) (40,62,102) (42,62,102) 
(40,62,102) (42,62,100) (40,62,100) 
(40,80,2) (40,80,0) (42,80,0) 
(42,80,0) (42,80,2) (40,80,2) 
(42,80,0) (40,80,0) (40,82,0) 
(40,82,0) (42,82,0) (42,80,0) 
(40,82,0) (40,80,0) (40,80,2) 
(40,80,2) (40,82,2) (40,82,0) 
(42,82,0) (42,82,2) (42,80,2) 
(42,80,2) (42,80,0) (42,82,0) 
(40,82,2) (42,80,2) (42,82,2) 
(42,80,2) (40,82,2) (40,80,2) 
(42,82,0) (40,82,2) (42,82,2) 
(40,82,2) (42,82,0) (40,82,0) 
(40,80,22) (40,80,20) (42,80,20) 
(42,80,20) (42,80,22) (40,80,22) 
(42,80,20) (40,80,20) (40,82,20) 
(40,82,20) (42,82,20) (42,80,20) 
(40,82,20) (40,80,20) (40,80,22) 
(40,80,22) (40,82,22) (40,82,20) 
(42,82,20) (42,82,22) (42,80,22) 
(42,80,22) (42,80,20) (42,82,20) 
(40,82,22) (42,80,22) (42,82,22) 
(42,80,22) (40,82,22) (40,80,22) 
(42,82,20) (40,82,22) (42,82,22) 
(40,82,22) (42,82,20) (40,82,20) 
(40,80,42) (40,80,40) (42,80,40) 
(42,80,40) (42,80,42) (40,80,42) 
(42,80,40) (40,80,40) (40,82,40) 
(40,82,40) (42,82,40) (42,80,40) 
(40,82,40) (40,80,40) (40,80,42) 
(40,80,42) (40,82,42) (40,82,40) 
(42,82,40) (42,82,42) (42,80,42) 
(42,80,42) (42,80,40) (42,82,40) 
(40,82,42) (42,80,42) (42,82,42) 
(42,80,42) (40,82,42) (40,80,42) 
(42,82,40) (40,82,42) (42,82,42) 
(40,82,42) (42,82,40) (40,82,40) 
(40,80,62) (40,80,60) (42,80,60) 
(42,80,60) (42,80,62) (40,80,62) 
(42,80,60) (40,80,60) (40,82,60) 
(40,82,60) (42,82,60) (42,80,60) 
(40,82,60) (40,80,60) (40,80,62) 
(40,80,62) (40,82,62) (40,82,60) 
(42,82,60) (42,82,62) (42,80,62) 
(42,80,62) (42,80,60) (42,82,60) 
(40,82,62) (42,80,62) (42,82,62) 
(42,80,62) (40,82,62) (40,80,62) 
(42,82,60) (40,82,62) (42,82,62) 
(40,82,62) (42,82,60) (40,82,60) 
(40,80,82) (40,80,80) (42,80,80) 
(42,80,80) (42,80,82) (40,80,82) 
(42,80,80) (40,80,80) (40,82,80) 
(40,82,80) (42,82,80) (42,80,80) 
(40,82,80) (40,80,80) (40,80,82) 
(40,80,82) (40,82,82) (40,82,80) 
(42,82,80) (42,82,82) (42,80,82) 
(42,80,82) (42,80,80) (42,82,80) 
(40,82,82) (42,80,82) (42,82,82) 
(42,80,82) (40,82,82) (40,80,82) 
(42,82,80) (40,82,82) (42,82,82) 
(40,82,82) (42,82,80) (40,82,80) 
(40,80,102) (40,80,100) (42,80,100) 
(42,80,100) (42,80,102) (40,80,102) 
(42,80,100) (40,80,100) (40,82,100) 
(40,82,100) (42,82,100) (42,80,100) 
(40,82,100) (40,80,100) (40,80,102) 
(40,80,102) (40,82,102) (40,82,100) 
(42,82,100) (42,82,102) (42,80,102) 
(42,80,102) (42,80,100) (42,82,100) 
(40,82,102) (42,80,102) (42,82,102) 
(42,80,102) (40,82,102) (40,80,102) 
(42,82,100) (40,82,102) (42,82,102) 
(40,82,102) (42,82,100) (40,82,100) 
(40,100,2) (40,100,0) (42,100,0) 
(42,100,0) (42,100,2) (40,100,2) 
(42,100,0) (40,100,0) (40,102,0) 
(40,102,0) (42,102,0) (42,100,0) 
(40,102,0) (40,100,0) (40,100,2) 
(40,100,2) (40,102,2) (40,102,0) 
(42,102,0) (42,102,2) (42,100,2) 
(42,100,2) (42,100,0) (42,102,0) 
(40,102,2) (42,100,2) (42,102,2) 
(42,100,2) (40,102,2) (40,100,2) 
(42,102,0) (40,102,2) (42,102,2) 
(40,102,2) (42,102,0) (40,102,0) 
(40,100,22) (40,100,20) (42,100,20) 
(42,100,20) (42,100,22) (40,100,22) 
(42,100,20) (40,100,20) (40,102,20) 
(40,102,20) (42,102,20) (42,100,20) 
(40,102,20) (40,100,20) (40,100,22) 
(40,100,22) (40,102,22) (40,102,20) 
(42,102,20) (42,102,22) (42,100,22) 
(42,100,22) (42,100,20) (42,102,20) 
(40,102,22) (42,100,22) (42,102,22) 
(42,100,22) (40,102,22) (40,100,22) 
(42,102,20) (40,102,22) (42,102,22) 
(40,102,22) (42,102,20) (40,102,20) 
(40,100,42) (40,100,40) (42,100,40) 
(42,100,40) (42,100,42) (40,100,42) 
(42,100,40) (40,100,40) (40,102,40) 
(40,102,40) (42,102,40) (42,100,40) 
(40,102,40) (40,100,40) (40,100,42) 
(40,100,42) (40,102,42) (40,102,40) 
(42,102,40) (42,102,42) (42,100,42) 
(42,100,42) (42,100,40) (42,102,40) 
(40,102,42) (42,100,42) (42,102,42) 
(42,100,42) (40,102,42) (40,100,42) 
(42,102,40) (40,102,42) (42,102,42) 
(40,102,42) (42,102,40) (40,102,40) 
(40,100,62) (40,100,60) (42,100,60) 
(42,100,60) (42,100,62) (40,100,62) 
(42,100,60) (40,100,60) (40,102,60) 
(40,102,60) (42,102,60) (42,100,60) 
(40,102,60) (40,100,60) (40,100,62) 
(40,100,62) (40,102,62) (40,102,60) 
(42,102,60) (42,102,62) (42,100,62) 
(42,100,62) (42,100,60) (42,102,60) 
(40,102,62) (42,100,62) (42,102,62) 
(42,100,62) (40,102,62) (40,100,62) 
(42,102,60) (40,102,62) (42,102,62) 
(40,102,62) (42,102,60) (40,102,60) 
(40,100,82) (40,100,80) (42,100,80) 
(42,100,80) (42,100,82) (40,100,82) 
(42,100,80) (40,100,80) (40,102,80) 
(40,102,80) (42,102,80) (42,100,80) 
(40,102,80) (40,100,80) (40,100,82) 
(40,100,82) (40,102,82) (40,102,80) 
(42,102,80) (42,102,82) (42,100,82) 
(42,100,82) (42,100,80) (42,102,80) 
(40,102,82) (42,100,82) (42,102,82) 
(42,100,82) (40,102,82) (40,100,82) 
(42,102,80) (40,102,82) (42,102,82) 
(40,102,82) (42,102,80) (40,102,80) 
(40,100,102) (40,100,100) (42,100,100) 
(42,100,100) (42,100,102) (40,100,102) 
(42,100,100) (40,100,100) (40,102,100) 
(40,102,100) (42,102,100) (42,100,100) 
(40,102,100) (40,100,100) (40,100,102) 
(40,100,102) (40,102,102) (40,102,100) 
(42,102,100) (42,102,102) (42,100,102) 
(42,100,102) (42,100,100) (42,102,100) 
(40,102,102) (42,100,102) (42,102,102) 
(42,100,102) (40,102,102) (40,100,102) 
(42,102,100) (40,102,102) (42,102,102) 
(40,102,102) (42,102,100) (40,102,100) 
(60,0,2) (60,0,0) (62,0,0) 
(62,0,0) (62,0,2) (60,0,2) 
(62,0,0) (60,0,0) (60,2,0) 
(60,2,0) (62,2,0) (62,0,0) 
(60,2,0) (60,0,0) (60,0,2) 
(60,0,2) (60,2,2) (60,2,0) 
(62,2,0) (62,2,2) (62,0,2) 
(62,0,2) (62,0,0) (62,2,0) 
(60,2,2) (62,0,2) (62,2,2) 
(62,0,2) (60,2,2) (60,0,2) 
(62,2,0) (60,2,2) (62,2,2) 
(60,2,2) (62,2,0) (60,2,0) 
(60,0,22) (60,0,20) (62,0,20) 
(62,0,20) (62,0,22) (60,0,22) 
(62,0,20) (60,0,20) (60,2,20) 
(60,2,20) (62,2,20) (62,0,20) 
(60,2,20) (60,0,20) (60,0,22) 
(60,0,22) (60,2,22) (60,2,20) 
(62,2,20) (62,2,22) (62,0,22) 
(62,0,22) (62,0,20) (62,2,20) 
(60,2,22) (62,0,22) (62,2,22) 
(62,0,22) (60,2,22) (60,0,22) 
(62,2,20) (60,2,22) (62,2,22) 
(60,2,22) (62,2,20) (60,2,20) 
(60,0,42) (60,0,40) (62,0,40) 
(62,0,40) (62,0,42) (60,0,42) 
(62,0,40) (60,0,40) (60,2,40) 
(60,2,40) (62,2,40) (62,0,40) 
(60,2,40) (60,0,40) (60,0,42) 
(60,0,42) (60,2,42) (60,2,40) 
(62,2,40) (62,2,42) (62,0,42) 
(62,0,42) (62,0,40) (62,2,40) 
(60,2,42) (62,0,42) (62,2,42) 
(62,0,42) (60,2,42) (60,0,42) 
(62,2,40) (60,2,42) (62,2,42) 
(60,2,42) (62,2,40) (60,2,40) 
(60,0,62) (60,0,60) (62,0,60) 
(62,0,60) (62,0,62) (60,0,62) 
(62,0,60) (60,0,60) (60,2,60) 
(60,2,60) (62,2,60) (62,0,60) 
(60,2,60) (60,0,60) (60,0,62) 
(60,0,62) (60,2,62) (60,2,60) 
(62,2,60) (62,2,62) (62,0,62) 
(62,0,62) (62,0,60) (62,2,60) 
(60,2,62) (62,0,62) (62,2,62) 
(62,0,62) (60,2,62) (60,0,62) 
(62,2,60) (60,2,62) (62,2,62) 
(60,2,62) (62,2,60) (60,2,60) 
(60,0,82) (60,0,80) (62,0,80) 
(62,0,80) (62,0,82) (60,0,82) 
(62,0,80) (60,0,80) (60,2,80) 
(60,2,80) (62,2,80) (62,0,80) 
(60,2,80) (60,0,80) (60,0,82) 
(60,0,82) (60,2,82) (60,2,80) 
(62,2,80) (62,2,82) (62,0,82) 
(62,0,82) (62,0,80) (62,2,80) 
(60,2,82) (62,0,82) (62,2,82) 
(62,0,82) (60,2,82) (60,0,82) 
(62,2,80) (60,2,82) (62,2,82) 
(60,2,82) (62,2,80) (60,2,80) 
(60,0,102) (60,0,100) (62,0,100) 
(62,0,100) (62,0,102) (60,0,102) 
(62,0,100) (60,0,100) (60,2,100) 
(60,2,100) (62,2,100) (62,0,100) 
(60,2,100) (60,0,100) (60,0,102) 
(60,0,102) (60,2,102) (60,2,100) 
(62,2,100) (62,2,102) (62,0,102) 
(62,0,102) (62,0,100) (62,2,100) 
(60,2,102) (62,0,102) (62,2,102) 
(62,0,102) (60,2,102) (60,0,102) 
(62,2,100) (60,2,102) (62,2,102) 
(60,2,102) (62,2,100) (60,2,100) 
(60,20,2) (60,20,0) (62,20,0) 
(62,20,0) (62,20,2) (60,20,2) 
(62,20,0) (60,20,0) (60,22,0) 
(60,22,0) (62,22,0) (62,20,0) 
(60,22,0) (60,20,0) (60,20,2) 
(60,20,2) (60,22,2) (60,22,0) 
(62,22,0) (62,22,2) (62,20,2) 
(62,20,2) (62,20,0) (62,22,0) 
(60,22,2) (62,20,2) (62,22,2) 
(62,20,2) (60,22,2) (60,20,2) 
(62,22,0) (60,22,2) (62,22,2) 
(60,22,2) (62,22,0) (60,22,0) 
(60,20,22) (60,20,20) (62,20,20) 
(62,20,20) (62,20,22) (60,20,22) 
(62,20,20) (60,20,20) (60,22,20) 
(60,22,20) (62,22,20) (62,20,20) 
(60,22,20) (60,20,20) (60,20,22) 
(60,20,22) (60,22,22) (60,22,20) 
(62,22,20) (62,22,22) (62,20,22) 
(62,20,22) (62,20,20) (62,22,20) 
(60,22,22) (62,20,22) (62,22,22) 
(62,20,22) (60,22,22) (60,20,22) 
(62,22,20) (60,22,22) (62,22,22) 
(60,22,22) (62,22,20) (60,22,20) 
(60,20,42) (60,20,40) (62,20,40) 
(62,20,40) (62,20,42) (60,20,42) 
(62,20,40) (60,20,40) (60,22,40) 
(60,22,40) (62,22,40) (62,20,40) 
(60,22,40) (60,20,40) (60,20,42) 
(60,20,42) (60,22,42) (60,22,40) 
(62,22,40) (62,22,42) (62,20,42) 
(62,20,42) (62,20,40) (62,22,40) 
(60,22,42) (62,20,42) (62,22,42) 
(62,20,42) (60,22,42) (60,20,42) 
(62,22,40) (60,22,42) (62,22,42) 
(60,22,42) (62,22,40) (60,22,40) 
(60,20,62) (60,20,60) (62,20,60) 
(62,20,60) (62,20,62) (60,20,62) 
(62,20,60) (60,20,60) (60,22,60) 
(60,22,60) (62,22,60) (62,20,60) 
(60,22,60) (60,20,60) (60,20,62) 
(60,20,62) (60,22,62) (60,22,60) 
(62,22,60) (62,22,62) (62,20,62) 
(62,20,62) (62,20,60) (62,22,60) 
(60,22,62) (62,20,62) (62,22,62) 
(62,20,62) (60,22,62) (60,20,62) 
(62,22,60) (60,22,62) (62,22,62) 
(60,22,62) (62,22,60) (60,22,60) 
(60,20,82) (60,20,80) (62,20,80) 
(62,20,80) (62,20,82) (60,20,82) 
(62,20,80) (60,20,80) (60,22,80) 
(60,22,80) (62,22,80) (62,20,80) 
(60,22,80) (60,20,80) (60,20,82) 
(60,20,82) (60,22,82) (60,22,80) 
(62,22,80) (62,22,82) (62,20,82) 
(62,20,82) (62,20,80) (62,22,80) 
(60,22,82) (62,20,82) (62,22,82) 
(62,20,82) (60,22,82) (60,20,82) 
(62,22,80) (60,22,82) (62,22,82) 
(60,22,82) (62,22,80) (60,22,80) 
(60,20,102) (60,20,100) (62,20,100) 
(62,20,100) (62,20,102) (60,20,102) 
(62,20,100) (60,20,100) (60,22,100) 
(60,22,100) (62,22,100) (62,20,100) 
(60,22,100) (60,20,100) (60,20,102) 
(60,20,102) (60,22,102) (60,22,100) 
(62,22,100) (62,22,102) (62,20,102) 
(62,20,102) (62,20,100) (62,22,100) 
(60,22,102) (62,20,102) (62,22,102) 
(62,20,102) (60,22,102) (60,20,102) 
(62,22,100) (60,22,102) (62,22,102) 
(60,22,102) (62,22,100) (60,22,100) 
(60,40,2) (60,40,0) (62,40,0) 
(62,40,0) (62,40,2) (60,40,2) 
(62,40,0) (60,40,0) (60,42,0) 
(60,42,0) (62,42,0) (62,40,0) 
(60,42,0) (60,40,0) (60,40,2) 
(60,40,2) (60,42,2) (60,42,0) 
(62,42,0) (62,42,2) (62,40,2) 
(62,40,2) (62,40,0) (62,42,0) 
(60,42,2) (62,40,2) (62,42,2) 
(62,40,2) (60,42,2) (60,40,2) 
(62,42,0) (60,42,2) (62,42,2) 
(60,42,2) (62,42,0) (60,42,0) 
(60,40,22) (60,40,20) (62,40,20) 
(62,40,20) (62,40,22) (60,40,22) 
(62,40,20) (60,40,20) (60,42,20) 
(60,42,20) (62,42,20) (62,40,20) 
(60,42,20) (60,40,20) (60,40,22) 
(60,40,22) (60,42,22) (60,42,20) 
(62,42,20) (62,42,22) (62,40,22) 
(62,40,22) (62,40,20) (62,42,20) 
(60,42,22) (62,40,22) (62,42,22) 
(62,40,22) (60,42,22) (60,40,22) 
(62,42,20) (60,42,22) (62,42,22) 
(60,42,22) (62,42,20) (60,42,20) 
(60,40,42) (60,40,40) (62,40,40) 
(62,40,40) (62,40,42) (60,40,42) 
(62,40,40) (60,40,40) (60,42,40) 
(60,42,40) (62,42,40) (62,40,40) 
(60,42,40) (60,40,40) (60,40,42) 
(60,40,42) (60,42,42) (60,42,40) 
(62,42,40) (62,42,42) (62,40,42) 
(62,40,42) (62,40,40) (62,42,40) 
(60,42,42) (62,40,42) (62,42,42) 
(62,40,42) (60,42,42) (60,40,42) 
(62,42,40) (60,42,42) (62,42,42) 
(60,42,42) (62,42,40) (60,42,40) 
(60,40,62) (60,40,60) (62,40,60) 
(62,40,60) (62,40,62) (60,40,62) 
(62,40,60) (60,40,60) (60,42,60) 
(60,42,60) (62,42,60) (62,40,60) 
(60,42,60) (60,40,60) (60,40,62) 
(60,40,62) (60,42,62) (60,42,60) 
(62,42,60) (62,42,62) (62,40,62) 
(62,40,62) (62,40,60) (62,42,60) 
(60,42,62) (62,40,62) (62,42,62) 
(62,40,62) (60,42,62) (60,40,62) 
(62,42,60) (60,42,62) (62,42,62) 
(60,42,62) (62,42,60) (60,42,60) 
(60,40,82) (60,40,80) (62,40,80) 
(62,40,80) (62,40,82) (60,40,82) 
(62,40,80) (60,40,80) (60,42,80) 
(60,42,80) (62,42,80) (62,40,80) 
(60,42,80) (60,40,80) (60,40,82) 
(60,40,82) (60,42,82) (60,42,80) 
(62,42,80) (62,42,82) (62,40,82) 
(62,40,82) (62,40,80) (62,42,80) 
(60,42,82) (62,40,82) (62,42,82) 
(62,40,82) (60,42,82) (60,40,82) 
(62,42,80) (60,42,82) (62,42,82) 
(60,42,82) (62,42,80) (60,42,80) 
(60,40,102) (60,40,100) (62,40,100) 
(62,40,100) (62,40,102) (60,40,102) 
(62,40,100) (60,40,100) (60,42,100) 
(60,42,100) (62,42,100) (62,40,100) 
(60,42,100) (60,40,100) (60,40,102) 
(60,40,102) (60,42,102) (60,42,100) 
(62,42,100) (62,42,102) (62,40,102) 
(62,40,102) (62,40,100) (62,42,100) 
(60,42,102) (62,40,102) (62,42,102) 
(62,40,102) (60,42,102) (60,40,102) 
(62,42,100) (60,42,102) (62,42,102) 
(60,42,102) (62,42,100) (60,42,100) 
(60,60,2) (60,60,0) (62,60,0) 
(62,60,0) (62,60,2) (60,60,2) 
(62,60,0) (60,60,0) (60,62,0) 
(60,62,0) (62,62,0) (62,60,0) 
(60,62,0) (60,60,0) (60,60,2) 
(60,60,2) (60,62,2) (60,62,0) 
(62,62,0) (62,62,2) (62,60,2) 
(62,60,2) (62,60,0) (62,62,0) 
(60,62,2) (62,60,2) (62,62,2) 
(62,60,2) (60,62,2) (60,60,2) 
(62,62,0) (60,62,2) (62,62,2) 
(60,62,2) (62,62,0) (60,62,0) 
(60,60,22) (60,60,20) (62,60,20) 
(62,60,20) (62,60,22) (60,60,22) 
(62,60,20) (60,60,20) (60,62,20) 
(60,62,20) (62,62,20) (62,60,20) 
(60,62,20) (60,60,20) (60,60,22) 
(60,60,22) (60,62,22) (60,62,20) 
(62,62,20) (62,62,22) (62,60,22) 
(62,60,22) (62,60,20) (62,62,20) 
(60,62,22) (62,60,22) (62,62,22) 
(62,60,22) (60,62,22) (60,60,22) 
(62,62,20) (60,62,22) (62,62,22) 
(60,62,22) (62,62,20) (60,62,20) 
(60,60,42) (60,60,40) (62,60,40) 
(62,60,40) (62,60,42) (60,60,42) 
(62,60,40) (60,60,40) (60,62,40) 
(60,62,40) (62,62,40) (62,60,40) 
(60,62,40) (60,60,40) (60,60,42) 
(60,60,42) (60,62,42) (60,62,40) 
(62,62,40) (62,62,42) (62,60,42) 
(62,60,42) (62,60,40) (62,62,40) 
(60,62,42) (62,60,42) (62,62,42) 
(62,60,42) (60,62,42) (60,60,42) 
(62,62,40) (60,62,42) (62,62,42) 
(60,62,42) (62,62,40) (60,62,40) 
(60,60,62) (60,60,60) (62,60,60) 
(62,60,60) (62,60,62) (60,60,62) 
(62,60,60) (60,60,60) (60,62,60) 
(60,62,60) (62,62,60) (62,60,60) 
(60,62,60) (60,60,60) (60,60,62) 
(60,60,62) (60,62,62) (60,62,60) 
(62,62,60) (62,62,62) (62,60,62) 
(62,60,62) (62,60,60) (62,62,60) 
(60,62,62) (62,60,62) (62,62,62) 
(62,60,62) (60,62,62) (60,60,62) 
(62,62,60) (60,62,62) (62,62,62) 
(60,62,62) (62,62,60) (60,62,60) 
(60,60,82) (60,60,80) (62,60,80) 
(62,60,80) (62,60,82) (60,60,82) 
(62,60,80) (60,60,80) (60,62,80) 
(60,62,80) (62,62,80) (62,60,80) 
(60,62,80) (60,60,80) (60,60,82) 
(60,60,82) (60,62,82) (60,62,80) 
(62,62,80) (62,62,82) (62,60,82) 
(62,60,82) (62,60,80) (62,62,80) 
(60,62,82) (62,60,82) (62,62,82) 
(62,60,82) (60,62,82) (60,60,82) 
(62,62,80) (60,62,82) (62,62,82) 
(60,62,82) (62,62,80) (60,62,80) 
(60,60,102) (60,60,100) (62,60,100) 
(62,60,100) (62,60,102) (60,60,102) 
(62,60,100) (60,60,100) (60,62,100) 
(60,62,100) (62,62,100) (62,60,100) 
(60,62,100) (60,60,100) (60,60,102) 
(60,60,102) (60,62,102) (60,62,100) 
(62,62,100) (62,62,102) (62,60,102) 
(62,60,102) (62,60,100) (62,62,100) 
(60,62,102) (62,60,102) (62,62,102) 
(62,60,102) (60,62,102) (60,60,102) 
(62,62,100) (60,62,102) (62,62,102) 
(60,62,102) (62,62,100) (60,62,100) 
(60,80,2) (60,80,0) (62,80,0) 
(62,80,0) (62,80,2) (60,80,2) 
(62,80,0) (60,80,0) (60,82,0) 
(60,82,0) (62,82,0) (62,80,0) 
(60,82,0) (60,80,0) (60,80,2) 
(60,80,2) (60,82,2) (60,82,0) 
(62,82,0) (62,82,2) (62,80,2) 
(62,80,2) (62,80,0) (62,82,0) 
(60,82,2) (62,80,2) (62,82,2) 
(62,80,2) (60,82,2) (60,80,2) 
(62,82,0) (60,82,2) (62,82,2) 
(60,82,2) (62,82,0) (60,82,0) 
(60,80,22) (60,80,20) (62,80,20) 
(62,80,20) (62,80,22) (60,80,22) 
(62,80,20) (60,80,20) (60,82,20) 
(60,82,20) (62,82,20) (62,80,20) 
(60,82,20) (60,80,20) (60,80,22) 
(60,80,22) (60,82,22) (60,82,20) 
(62,82,20) (62,82,22) (62,80,22) 
(62,80,22) (62,80,20) (62,82,20) 
(60,82,22) (62,80,22) (62,82,22) 
(62,80,22) (60,82,22) (60,80,22) 
(62,82,20) (60,82,22) (62,82,22) 
(60,82,22) (62,82,20) (60,82,20) 
(60,80,42) (60,80,40) (62,80,40) 
(62,80,40) (62,80,42) (60,80,42) 
(62,80,40) (60,80,40) (60,82,40) 
(60,82,40) (62,82,40) (62,80,40) 
(60,82,40) (60,80,40) (60,80,42) 
(60,80,42) (60,82,42) (60,82,40) 
(62,82,40) (62,82,42) (62,80,42) 
(62,80,42) (62,80,40) (62,82,40) 
(60,82,42) (62,80,42) (62,82,42) 
(62,80,42) (60,82,42) (60,80,42) 
(62,82,40) (60,82,42) (62,82,42) 
(60,82,42) (62,82,40) (60,82,40) 
(60,80,62) (60,80,60) (62,80,60) 
(62,80,60) (62,80,62) (60,80,62) 
(62,80,60) (60,80,60) (60,82,60) 
(60,82,60) (62,82,60) (62,80,60) 
(60,82,60) (60,80,60) (60,80,62) 
(60,80,62) (60,82,62) (60,82,60) 
(62,82,60) (62,82,62) (62,80,62) 
(62,80,62) (62,80,60) (62,82,60) 
(60,82,62) (62,80,62) (62,82,62) 
(62,80,62) (60,82,62) (60,80,62) 
(62,82,60) (60,82,62) (62,82,62) 
(60,82,62) (62,82,60) (60,82,60) 
(60,80,82) (60,80,80) (62,80,80) 
(62,80,80) (62,80,82) (60,80,82) 
(62,80,80) (60,80,80) (60,82,80) 
(60,82,80) (62,82,80) (62,80,80) 
(60,82,80) (60,80,80) (60,80,82) 
(60,80,82) (60,82,82) (60,82,80) 
(62,82,80) (62,82,82) (62,80,82) 
(62,80,82) (62,80,80) (62,82,80) 
(60,82,82) (62,80,82) (62,82,82) 
(62,80,82) (60,82,82) (60,80,82) 
(62,82,80) (60,82,82) (62,82,82) 
(60,82,82) (62,82,80) (60,82,80) 
(60,80,102) (60,80,100) (62,80,100) 
(62,80,100) (62,80,102) (60,80,102) 
(62,80,100) (60,80,100) (60,82,100) 
(60,82,100) (62,82,100) (62,80,100) 
(60,82,100) (60,80,100) (60,80,102) 
(60,80,102) (60,82,102) (60,82,100) 
(62,82,100) (62,82,102) (62,80,102) 
(62,80,102) (62,80,100) (62,82,100) 
(60,82,102) (62,80,102) (62,82,102) 
(62,80,102) (60,82,102) (60,80,102) 
(62,82,100) (60,82,102) (62,82,102) 
(60,82,102) (62,82,100) (60,82,100) 
(60,100,2) (60,100,0) (62,100,0) 
(62,100,0) (62,100,2) (60,100,2) 
(62,100,0) (60,100,0) (60,102,0) 
(60,102,0) (62,102,0) (62,100,0) 
(60,102,0) (60,100,0) (60,100,2) 
(60,100,2) (60,102,2) (60,102,0) 
(62,102,0) (62,102,2) (62,100,2) 
(62,100,2) (62,100,0) (62,102,0) 
(60,102,2) (62,100,2) (62,102,2) 
(62,100,2) (60,102,2) (60,100,2) 
(62,102,0) (60,102,2) (62,102,2) 
(60,102,2) (62,102,0) (60,102,0) 
(60,100,22) (60,100,20) (62,100,20) 
(62,100,20) (62,100,22) (60,100,22) 
(62,100,20) (60,100,20) (60,102,20) 
(60,102,20) (62,102,20) (62,100,20) 
(60,102,20) (60,100,20) (60,100,22) 
(60,100,22) (60,102,22) (60,102,20) 
(62,102,20) (62,102,22) (62,100,22) 
(62,100,22) (62,100,20) (62,102,20) 
(60,102,22) (62,100,22) (62,102,22) 
(62,100,22) (60,102,22) (60,100,22) 
(62,102,20) (60,102,22) (62,102,22) 
(60,102,22) (62,102,20) (60,102,20) 
(60,100,42) (60,100,40) (62,100,40) 
(62,100,40) (62,100,42) (60,100,42) 
(62,100,40) (60,100,40) (60,102,40) 
(60,102,40) (62,102,40) (62,100,40) 
(60,102,40) (60,100,40) (60,100,42) 
(60,100,42) (60,102,42) (60,102,40) 
(62,102,40) (62,102,42) (62,100,42) 
(62,100,42) (62,100,40) (62,102,40) 
(60,102,42) (62,100,42) (62,102,42) 
(62,100,42) (60,102,42) (60,100,42) 
(62,102,40) (60,102,42) (62,102,42) 
(60,102,42) (62,102,40) (60,102,40) 
(60,100,62) (60,100,60) (62,100,60) 
(62,100,60) (62,100,62) (60,100,62) 
(62,100,60) (60,100,60) (60,102,60) 
(60,102,60) (62,102,60) (62,100,60) 
(60,102,60) (60,100,60) (60,100,62) 
(60,100,62) (60,102,62) (60,102,60) 
(62,102,60) (62,102,62) (62,100,62) 
(62,100,62) (62,100,60) (62,102,60) 
(60,102,62) (62,100,62) (62,102,62) 
(62,100,62) (60,102,62) (60,100,62) 
(62,102,60) (60,102,62) (62,102,62) 
(60,102,62) (62,102,60) (60,102,60) 
(60,100,82) (60,100,80) (62,100,80) 
(62,100,80) (62,100,82) (60,100,82) 
(62,100,80) (60,100,80) (60,102,80) 
(60,102,80) (62,102,80) (62,100,80) 
(60,102,80) (60,100,80) (60,100,82) 
(60,100,82) (60,102,82) (60,102,80) 
(62,102,80) (62,102,82) (62,100,82) 
(62,100,82) (62,100,80) (62,102,80) 
(60,102,82) (62,100,82) (62,102,82) 
(62,100,82) (60,102,82) (60,100,82) 
(62,102,80) (60,102,82) (62,102,82) 
(60,102,82) (62,102,80) (60,102,80) 
(60,100,102) (60,100,100) (62,100,100) 
(62,100,100) (62,100,102) (60,100,102) 
(62,100,100) (60,100,100) (60,102,100) 
(60,102,100) (62,102,100) (62,100,100) 
(60,102,100) (60,100,100) (60,100,102) 
(60,100,102) (60,102,102) (60,102,100) 
(62,102,100) (62,102,102) (62,100,102) 
(62,100,102) (62,100,100) (62,102,100) 
(60,102,102) (62,100,102) (62,102,102) 
(62,100,102) (60,102,102) (60,100,102) 
(62,102,100) (60,102,102) (62,102,102) 
(60,102,102) (62,102,100) (60,102,100) 
(80,0,2) (80,0,0) (82,0,0) 
(82,0,0) (82,0,2) (80,0,2) 
(82,0,0) (80,0,0) (80,2,0) 
(80,2,0) (82,2,0) (82,0,0) 
(80,2,0) (80,0,0) (80,0,2) 
(80,0,2) (80,2,2) (80,2,0) 
(82,2,0) (82,2,2) (82,0,2) 
(82,0,2) (82,0,0) (82,2,0) 
(80,2,2) (82,0,2) (82,2,2) 
(82,0,2) (80,2,2) (80,0,2) 
(82,2,0) (80,2,2) (82,2,2) 
(80,2,2) (82,2,0) (80,2,0) 
(80,0,22) (80,0,20) (82,0,20) 
(82,0,20) (82,0,22) (80,0,22) 
(82,0,20) (80,0,20) (80,2,20) 
(80,2,20) (82,2,20) (82,0,20) 
(80,2,20) (80,0,20) (80,0,22) 
(80,0,22) (80,2,22) (80,2,20) 
(82,2,20) (82,2,22) (82,0,22) 
(82,0,22) (82,0,20) (82,2,20) 
(80,2,22) (82,0,22) (82,2,22) 
(82,0,22) (80,2,22) (80,0,22) 
(82,2,20) (80,2,22) (82,2,22) 
(80,2,22) (82,2,20) (80,2,20) 
(80,0,42) (80,0,40) (82,0,40) 
(82,0,40) (82,0,42) (80,0,42) 
(82,0,40) (80,0,40) (80,2,40) 
(80,2,40) (82,2,40) (82,0,40) 
(80,2,40) (80,0,40) (80,0,42) 
(80,0,42) (80,2,42) (80,2,40) 
(82,2,40) (82,2,42) (82,0,42) 
(82,0,42) (82,0,40) (82,2,40) 
(80,2,42) (82,0,42) (82,2,42) 
(82,0,42) (80,2,42) (80,0,42) 
(82,2,40) (80,2,42) (82,2,42) 
(80,2,42) (82,2,40) (80,2,40) 
(80,0,62) (80,0,60) (82,0,60) 
(82,0,60) (82,0,62) (80,0,62) 
(82,0,60) (80,0,60) (80,2,60) 
(80,2,60) (82,2,60) (82,0,60) 
(80,2,60) (80,0,60) (80,0,62) 
(80,0,62) (80,2,62) (80,2,60) 
(82,2,60) (82,2,62) (82,0,62) 
(82,0,62) (82,0,60) (82,2,60) 
(80,2,62) (82,0,62) (82,2,62) 
(82,0,62) (80,2,62) (80,0,62) 
(82,2,60) (80,2,62) (82,2,62) 
(80,2,62) (82,2,60) (80,2,60) 
(80,0,82) (80,0,80) (82,0,80) 
(82,0,80) (82,0,82) (80,0,82) 
(82,0,80) (80,0,80) (80,2,80) 
(80,2,80) (82,2,80) (82,0,80) 
(80,2,80) (80,0,80) (80,0,82) 
(80,0,82) (80,2,82) (80,2,80) 
(82,2,80) (82,2,82) (82,0,82) 
(82,0,82) (82,0,80) (82,2,80) 
(80,2,82) (82,0,82) (82,2,82) 
(82,0,82) (80,2,82) (80,0,82) 
(82,2,80) (80,2,82) (82,2,82) 
(80,2,82) (82,2,80) (80,2,80) 
(80,0,102) (80,0,100) (82,0,100) 
(82,0,100) (82,0,102) (80,0,102) 
(82,0,100) (80,0,100) (80,2,100) 
(80,2,100) (82,2,100) (82,0,100) 
(80,2,100) (80,0,100) (80,0,102) 
(80,0,102) (80,2,102) (80,2,100) 
(82,2,100) (82,2,102) (82,0,102) 
(82,0,102) (82,0,100) (82,2,100) 
(80,2,102) (82,0,102) (82,2,102) 
(82,0,102) (80,2,102) (80,0,102) 
(82,2,100) (80,2,102) (82,2,102) 
(80,2,102) (82,2,100) (80,2,100) 
(80,20,2) (80,20,0) (82,20,0) 
(82,20,0) (82,20,2) (80,20,2) 
(82,20,0) (80,20,0) (80,22,0) 
(80,22,0) (82,22,0) (82,20,0) 
(80,22,0) (80,20,0) (80,20,2) 
(80,20,2) (80,22,2) (80,22,0) 
(82,22,0) (82,22,2) (82,20,2) 
(82,20,2) (82,20,0) (82,22,0) 
(80,22,2) (82,20,2) (82,22,2) 
(82,20,2) (80,22,2) (80,20,2) 
(82,22,0) (80,22,2) (82,22,2) 
(80,22,2) (82,22,0) (80,22,0) 
(80,20,22) (80,20,20) (82,20,20) 
(82,20,20) (82,20,22) (80,20,22) 
(82,20,20) (80,20,20) (80,22,20) 
(80,22,20) (82,22,20) (82,20,20) 
(80,22,20) (80,20,20) (80,20,22) 
(80,20,22) (80,22,22) (80,22,20) 
(82,22,20) (82,22,22) (82,20,22) 
(82,20,22) (82,20,20) (82,22,20) 
(80,22,22) (82,20,22) (82,22,22) 
(82,20,22) (80,22,22) (80,20,22) 
(82,22,20) (80,22,22) (82,22,22) 
(80,22,22) (82,22,20) (80,22,20) 
(80,20,42) (80,20,40) (82,20,40) 
(82,20,40) (82,20,42) (80,20,42) 
(82,20,40) (80,20,40) (80,22,40) 
(80,22,40) (82,22,40) (82,20,40) 
(80,22,40) (80,20,40) (80,20,42) 
(80,20,42) (80,22,42) (80,22,40) 
(82,22,40) (82,22,42) (82,20,42) 
(82,20,42) (82,20,40) (82,22,40) 
(80,22,42) (82,20,42) (82,22,42) 
(82,20,42) (80,22,42) (80,20,42) 
(82,22,40) (80,22,42) (82,22,42) 
(80,22,42) (82,22,40) (80,22,40) 
(80,20,62) (80,20,60) (82,20,60) 
(82,20,60) (82,20,62) (80,20,62) 
(82,20,60) (80,20,60) (80,22,60) 
(80,22,60) (82,22,60) (82,20,60) 
(80,22,60) (80,20,60) (80,20,62) 
(80,20,62) (80,22,62) (80,22,60) 
(82,22,60) (82,22,62) (82,20,62) 
(82,20,62) (82,20,60) (82,22,60) 
(80,22,62) (82,20,62) (82,22,62) 
(82,20,62) (80,22,62) (80,20,62) 
(82,22,60) (80,22,62) (82,22,62) 
(80,22,62) (82,22,60) (80,22,60) 
(80,20,82) (80,20,80) (82,20,80) 
(82,20,80) (82,20,82) (80,20,82) 
(82,20,80) (80,20,80) (80,22,80) 
(80,22,80) (82,22,80) (82,20,80) 
(80,22,80) (80,20,80) (80,20,82) 
(80,20,82) (80,22,82) (80,22,80) 
(82,22,80) (82,22,82) (82,20,82) 
(82,20,82) (82,20,80) (82,22,80) 
(80,22,82) (82,20,82) (82,22,82) 
(82,20,82) (80,22,82) (80,20,82) 
(82,22,80) (80,22,82) (82,22,82) 
(80,22,82) (82,22,80) (80,22,80) 
(80,20,102) (80,20,100) (82,20,100) 
(82,20,100) (82,20,102) (80,20,102) 
(82,20,100) (80,20,100) (80,22,100) 
(80,22,100) (82,22,100) (82,20,100) 
(80,22,100) (80,20,100) (80,20,102) 
(80,20,102) (80,22,102) (80,22,100) 
(82,22,100) (82,22,102) (82,20,102) 
(82,20,102) (82,20,100) (82,22,100) 
(80,22,102) (82,20,102) (82,22,102) 
(82,20,102) (80,22,102) (80,20,102) 
(82,22,100) (80,22,102) (82,22,102) 
(80,22,102) (82,22,100) (80,22,100) 
(80,40,2) (80,40,0) (82,40,0) 
(82,40,0) (82,40,2) (80,40,2) 
(82,40,0) (80,40,0) (80,42,0) 
(80,42,0) (82,42,0) (82,40,0) 
(80,42,0) (80,40,0) (80,40,2) 
(80,40,2) (80,42,2) (80,42,0) 
(82,42,0) (82,42,2) (82,40,2) 
(82,40,2) (82,40,0) (82,42,0) 
(80,42,2) (82,40,2) (82,42,2) 
(82,40,2) (80,42,2) (80,40,2) 
(82,42,0) (80,42,2) (82,42,2) 
(80,42,2) (82,42,0) (80,42,0) 
(80,40,22) (80,40,20) (82,40,20) 
(82,40,20) (82,40,22) (80,40,22) 
(82,40,20) (80,40,20) (80,42,20) 
(80,42,20) (82,42,20) (82,40,20) 
(80,42,20) (80,40,20) (80,40,22) 
(80,40,22) (80,42,22) (80,42,20) 
(82,42,20) (82,42,22) (82,40,22) 
(82,40,22) (82,40,20) (82,42,20) 
(80,42,22) (82,40,22) (82,42,22) 
(82,40,22) (80,42,22) (80,40,22) 
(82,42,20) (80,42,22) (82,42,22) 
(80,42,22) (82,42,20) (80,42,20) 
(80,40,42) (80,40,40) (82,40,40) 
(82,40,40) (82,40,42) (80,40,42) 
(82,40,40) (80,40,40) (80,42,40) 
(80,42,40) (82,42,40) (82,40,40) 
(80,42,40) (80,40,40) (80,40,42) 
(80,40,42) (80,42,42) (80,42,40) 
(82,42,40) (82,42,42) (82,40,42) 
(82,40,42) (82,40,40) (82,42,40) 
(80,42,42) (82,40,42) (82,42,42) 
(82,40,42) (80,42,42) (80,40,42) 
(82,42,40) (80,42,42) (82,42,42) 
(80,42,42) (82,42,40) (80,42,40) 
(80,40,62) (80,40,60) (82,40,60) 
(82,40,60) (82,40,62) (80,40,62) 
(82,40,60) (80,40,60) (80,42,60) 
(80,42,60) (82,42,60) (82,40,60) 
(80,42,60) (80,40,60) (80,40,62) 
(80,40,62) (80,42,62) (80,42,60) 
(82,42,60) (82,42,62) (82,40,62) 
(82,40,62) (82,40,60) (82,42,60) 
(80,42,62) (82,40,62) (82,42,62) 
(82,40,62) (80,42,62) (80,40,62) 
(82,42,60) (80,42,62) (82,42,62) 
(80,42,62) (82,42,60) (80,42,60) 
(80,40,82) (80,40,80) (82,40,80) 
(82,40,80) (82,40,82) (80,40,82) 
(82,40,80) (80,40,80) (80,42,80) 
(80,42,80) (82,42,80) (82,40,80) 
(80,42,80) (80,40,80) (80,40,82) 
(80,40,82) (80,42,82) (80,42,80) 
(82,42,80) (82,42,82) (82,40,82) 
(82,40,82) (82,40,80) (82,42,80) 
(80,42,82) (82,40,82) (82,42,82) 
(82,40,82) (80,42,82) (80,40,82) 
(82,42,80) (80,42,82) (82,42,82) 
(80,42,82) (82,42,80) (80,42,80) 
(80,40,102) (80,40,100) (82,40,100) 
(82,40,100) (82,40,102) (80,40,102) 
(82,40,100) (80,40,100) (80,42,100) 
(80,42,100) (82,42,100) (82,40,100) 
(80,42,100) (80,40,100) (80,40,102) 
(80,40,102) (80,42,102) (80,42,100) 
(82,42,100) (82,42,102) (82,40,102) 
(82,40,102) (82,40,100) (82,42,100) 
(80,42,102) (82,40,102) (82,42,102) 
(82,40,102) (80,42,102) (80,40,102) 
(82,42,100) (80,42,102) (82,42,102) 
(80,42,102) (82,42,100) (80,42,100) 
(80,60,2) (80,60,0) (82,60,0) 
(82,60,0) (82,60,2) (80,60,2) 
(82,60,0) (80,60,0) (80,62,0) 
(80,62,0) (82,62,0) (82,60,0) 
(80,62,0) (80,60,0) (80,60,2) 
(80,60,2) (80,62,2) (80,62,0) 
(82,62,0) (82,62,2) (82,60,2) 
(82,60,2) (82,60,0) (82,62,0) 
(80,62,2) (82,60,2) (82,62,2) 
(82,60,2) (80,62,2) (80,60,2) 
(82,62,0) (80,62,2) (82,62,2) 
(80,62,2) (82,62,0) (80,62,0) 
(80,60,22) (80,60,20) (82,60,20) 
(82,60,20) (82,60,22) (80,60,22) 
(82,60,20) (80,60,20) (80,62,20) 
(80,62,20) (82,62,20) (82,60,20) 
(80,62,20) (80,60,20) (80,60,22) 
(80,60,22) (80,62,22) (80,62,20) 
(82,62,20) (82,62,22) (82,60,22) 
(82,60,22) (82,60,20) (82,62,20) 
(80,62,22) (82,60,22) (82,62,22) 
(82,60,22) (80,62,22) (80,60,22) 
(82,62,20) (80,62,22) (82,62,22) 
(80,62,22) (82,62,20) (80,62,20) 
(80,60,42) (80,60,40) (82,60,40) 
(82,60,40) (82,60,42) (80,60,42) 
(82,60,40) (80,60,40) (80,62,40) 
(80,62,40) (82,62,40) (82,60,40) 
(80,62,40) (80,60,40) (80,60,42) 
(80,60,42) (80,62,42) (80,62,40) 
(82,62,40) (82,62,42) (82,60,42) 
(82,60,42) (82,60,40) (82,62,40) 
(80,62,42) (82,60,42) (82,62,42) 
(82,60,42) (80,62,42) (80,60,42) 
(82,62,40) (80,62,42) (82,62,42) 
(80,62,42) (82,62,40) (80,62,40) 
(80,60,62) (80,60,60) (82,60,60) 
(82,60,60) (82,60,62) (80,60,62) 
(82,60,60) (80,60,60) (80,62,60) 
(80,62,60) (82,62,60) (82,60,60) 
(80,62,60) (80,60,60) (80,60,62) 
(80,60,62) (80,62,62) (80,62,60) 
(82,62,60) (82,62,62) (82,60,62) 
(82,60,62) (82,60,60) (82,62,60) 
(80,62,62) (82,60,62) (82,62,62) 
(82,60,62) (80,62,62) (80,60,62) 
(82,62,60) (80,62,62) (82,62,62) 
(80,62,62) (82,62,60) (80,62,60) 
(80,60,82) (80,60,80) (82,60,80) 
(82,60,80) (82,60,82) (80,60,82) 
(82,60,80) (80,60,80) (80,62,80) 
(80,62,80) (82,62,80) (82,60,80) 
(80,62,80) (80,60,80) (80,60,82) 
(80,60,82) (80,62,82) (80,62,80) 
(82,62,80) (82,62,82) (82,60,82) 
(82,60,82) (82,60,80) (82,62,80) 
(80,62,82) (82,60,82) (82,62,82) 
(82,60,82) (80,62,82) (80,60,82) 
(82,62,80) (80,62,82) (82,62,82) 
(80,62,82) (82,62,80) (80,62,80) 
(80,60,102) (80,60,100) (82,60,100) 
(82,60,100) (82,60,102) (80,60,102) 
(82,60,100) (80,60,100) (80,62,100) 
(80,62,100) (82,62,100) (82,60,100) 
(80,62,100) (80,60,100) (80,60,102) 
(80,60,102) (80,62,102) (80,62,100) 
(82,62,100) (82,62,102) (82,60,102) 
(82,60,102) (82,60,100) (82,62,100) 
(80,62,102) (82,60,102) (82,62,102) 
(82,60,102) (80,62,102) (80,60,102) 
(82,62,100) (80,62,102) (82,62,102) 
(80,62,102) (82,62,100) (80,62,100) 
(80,80,2) (80,80,0) (82,80,0) 
(82,80,0) (82,80,2) (80,80,2) 
(82,80,0) (80,80,0) (80,82,0) 
(80,82,0) (82,82,0) (82,80,0) 
(80,82,0) (80,80,0) (80,80,2) 
(80,80,2) (80,82,2) (80,82,0) 
(82,82,0) (82,82,2) (82,80,2) 
(82,80,2) (82,80,0) (82,82,0) 
(80,82,2) (82,80,2) (82,82,2) 
(82,80,2) (80,82,2) (80,80,2) 
(82,82,0) (80,82,2) (82,82,2) 
(80,82,2) (82,82,0) (80,82,0) 
(80,80,22) (80,80,20) (82,80,20) 
(82,80,20) (82,80,22) (80,80,22) 
(82,80,20) (80,80,20) (80,82,20) 
(80,82,20) (82,82,20) (82,80,20) 
(80,82,20) (80,80,20) (80,80,22) 
(80,80,22) (80,82,22) (80,82,20) 
(82,82,20) (82,82,22) (82,80,22) 
(82,80,22) (82,80,20) (82,82,20) 
(80,82,22) (82,80,22) (82,82,22) 
(82,80,22) (80,82,22) (80,80,22) 
(82,82,20) (80,82,22) (82,82,22) 
(80,82,22) (82,82,20) (80,82,20) 
(80,80,42) (80,80,40) (82,80,40) 
(82,80,40) (82,80,42) (80,80,42) 
(82,80,40) (80,80,40) (80,82,40) 
(80,82,40) (82,82,40) (82,80,40) 
(80,82,40) (80,80,40) (80,80,42) 
(80,80,42) (80,82,42) (80,82,40) 
(82,82,40) (82,82,42) (82,80,42) 
(82,80,42) (82,80,40) (82,82,40) 
(80,82,42) (82,80,42) (82,82,42) 
(82,80,42) (80,82,42) (80,80,42) 
(82,82,40) (80,82,42) (82,82,42) 
(80,82,42) (82,82,40) (80,82,40) 
(80,80,62) (80,80,60) (82,80,60) 
(82,80,60) (82,80,62) (80,80,62) 
(82,80,60) (80,80,60) (80,82,60) 
(80,82,60) (82,82,60) (82,80,60) 
(80,82,60) (80,80,60) (80,80,62) 
(80,80,62) (80,82,62) (80,82,60) 
(82,82,60) (82,82,62) (82,80,62) 
(82,80,62) (82,80,60) (82,82,60) 
(80,82,62) (82,80,62) (82,82,62) 
(82,80,62) (80,82,62) (80,80,62) 
(82,82,60) (80,82,62) (82,82,62) 
(80,82,62) (82,82,60) (80,82,60) 
(80,80,82) (80,80,80) (82,80,80) 
(82,80,80) (82,80,82) (80,80,82) 
(82,80,80) (80,80,80) (80,82,80) 
(80,82,80) (82,82,80) (82,80,80) 
(80,82,80) (80,80,80) (80,80,82) 
(80,80,82) (80,82,82) (80,82,80) 
(82,82,80) (82,82,82) (82,80,82) 
(82,80,82) (82,80,80) (82,82,80) 
(80,82,82) (82,80,82) (82,82,82) 
(82,80,82) (80,82,82) (80,80,82) 
(82,82,80) (80,82,82) (82,82,82) 
(80,82,82) (82,82,80) (80,82,80) 
(80,80,102) (80,80,100) (82,80,100) 
(82,80,100) (82,80,102) (80,80,102) 
(82,80,100) (80,80,100) (80,82,100) 
(80,82,100) (82,82,100) (82,80,100) 
(80,82,100) (80,80,100) (80,80,102) 
(80,80,102) (80,82,102) (80,82,100) 
(82,82,100) (82,82,102) (82,80,102) 
(82,80,102) (82,80,100) (82,82,100) 
(80,82,102) (82,80,102) (82,82,102) 
(82,80,102) (80,82,102) (80,80,102) 
(82,82,100) (80,82,102) (82,82,102) 
(80,82,102) (82,82,100) (80,82,100) 
(80,100,2) (80,100,0) (82,100,0) 
(82,100,0) (82,100,2) (80,100,2) 
(82,100,0) (80,100,0) (80,102,0) 
(80,102,0) (82,102,0) (82,100,0) 
(80,102,0) (80,100,0) (80,100,2) 
(80,100,2) (80,102,2) (80,102,0) 
(82,102,0) (82,102,2) (82,100,2) 
(82,100,2) (82,100,0) (82,102,0) 
(80,102,2) (82,100,2) (82,102,2) 
(82,100,2) (80,102,2) (80,100,2) 
(82,102,0) (80,102,2) (82,102,2) 
(80,102,2) (82,102,0) (80,102,0) 
(80,100,22) (80,100,20) (82,100,20) 
(82,100,20) (82,100,22) (80,100,22) 
(82,100,20) (80,100,20) (80,102,20) 
(80,102,20) (82,102,20) (82,100,20) 
(80,102,20) (80,100,20) (80,100,22) 
(80,100,22) (80,102,22) (80,102,20) 
(82,102,20) (82,102,22) (82,100,22) 
(82,100,22) (82,100,20) (82,102,20) 
(80,102,22) (82,100,22) (82,102,22) 
(82,100,22) (80,102,22) (80,100,22) 
(82,102,20) (80,102,22) (82,102,22) 
(80,102,22) (82,102,20) (80,102,20) 
(80,100,42) (80,100,40) (82,100,40) 
(82,100,40) (82,100,42) (80,100,42) 
(82,100,40) (80,100,40) (80,102,40) 
(80,102,40) (82,102,40) (82,100,40) 
(80,102,40) (80,100,40) (80,100,42) 
(80,100,42) (80,102,42) (80,102,40) 
(82,102,40) (82,102,42) (82,100,42) 
(82,100,42) (82,100,40) (82,102,40) 
(80,102,42) (82,100,42) (82,102,42) 
(82,100,42) (80,102,42) (80,100,42) 
(82,102,40) (80,102,42) (82,102,42) 
(80,102,42) (82,102,40) (80,102,40) 
(80,100,62) (80,100,60) (82,100,60) 
(82,100,60) (82,100,62) (80,100,62) 
(82,100,60) (80,100,60) (80,102,60) 
(80,102,60) (82,102,60) (82,100,60) 
(80,102,60) (80,100,60) (80,100,62) 
(80,100,62) (80,102,62) (80,102,60) 
(82,102,60) (82,102,62) (82,100,62) 
(82,100,62) (82,100,60) (82,102,60) 
(80,102,62) (82,100,62) (82,102,62) 
(82,100,62) (80,102,62) (80,100,62) 
(82,102,60) (80,102,62) (82,102,62) 
(80,102,62) (82,102,60) (80,102,60) 
(80,100,82) (80,100,80) (82,100,80) 
(82,100,80) (82,100,82) (80,100,82) 
(82,100,80) (80,100,80) (80,102,80) 
(80,102,80) (82,102,80) (82,100,80) 
(80,102,80) (80,100,80) (80,100,82) 
(80,100,82) (80,102,82) (80,102,80) 
(82,102,80) (82,102,82) (82,100,82) 
(82,100,82) (82,100,80) (82,102,80) 
(80,102,82) (82,100,82) (82,102,82) 
(82,100,82) (80,102,82) (80,100,82) 
(82,102,80) (80,102,82) (82,102,82) 
(80,102,82) (82,102,80) (80,102,80) 
(80,100,102) (80,100,100) (82,100,100) 
(82,100,100) (82,100,102) (80,100,102) 
(82,100,100) (80,100,100) (80,102,100) 
(80,102,100) (82,102,100) (82,100,100) 
(80,102,100) (80,100,100) (80,100,102) 
(80,100,102) (80,102,102) (80,102,100) 
(82,102,100) (82,102,102) (82,100,102) 
(82,100,102) (82,100,100) (82,102,100) 
(80,102,102) (82,100,102) (82,102,102) 
(82,100,102) (80,102,102) (80,100,102) 
(82,102,100) (80,102,102) (82,102,102) 
(80,102,102) (82,102,100) (80,102,100) 
(100,0,2) (100,0,0) (102,0,0) 
(102,0,0) (102,0,2) (100,0,2) 
(102,0,0) (100,0,0) (100,2,0) 
(100,2,0) (102,2,0) (102,0,0) 
(100,2,0) (100,0,0) (100,0,2) 
(100,0,2) (100,2,2) (100,2,0) 
(102,2,0) (102,2,2) (102,0,2) 
(102,0,2) (102,0,0) (102,2,0) 
(100,2,2) (102,0,2) (102,2,2) 
(102,0,2) (100,2,2) (100,0,2) 
(102,2,0) (100,2,2) (102,2,2) 
(100,2,2) (102,2,0) (100,2,0) 
(100,0,22) (100,0,20) (102,0,20) 
(102,0,20) (102,0,22) (100,0,22) 
(102,0,20) (100,0,20) (100,2,20) 
(100,2,20) (102,2,20) (102,0,20) 
(100,2,20) (100,0,20) (100,0,22) 
(100,0,22) (100,2,22) (100,2,20) 
(102,2,20) (102,2,22) (102,0,22) 
(102,0,22) (102,0,20) (102,2,20) 
(100,2,22) (102,0,22) (102,2,22) 
(102,0,22) (100,2,22) (100,0,22) 
(102,2,20) (100,2,22) (102,2,22) 
(100,2,22) (102,2,20) (100,2,20) 
(100,0,42) (100,0,40) (102,0,40) 
(102,0,40) (102,0,42) (100,0,42) 
(102,0,40) (100,0,40) (100,2,40) 
(100,2,40) (102,2,40) (102,0,40) 
(100,2,40) (100,0,40) (100,0,42) 
(100,0,42) (100,2,42) (100,2,40) 
(102,2,40) (102,2,42) (102,0,42) 
(102,0,42) (102,0,40) (102,2,40) 
(100,2,42) (102,0,42) (102,2,42) 
(102,0,42) (100,2,42) (100,0,42) 
(102,2,40) (100,2,42) (102,2,42) 
(100,2,42) (102,2,40) (100,2,40) 
(100,0,62) (100,0,60) (102,0,60) 
(102,0,60) (102,0,62) (100,0,62) 
(102,0,60) (100,0,60) (100,2,60) 
(100,2,60) (102,2,60) (102,0,60) 
(100,2,60) (100,0,60) (100,0,62) 
(100,0,62) (100,2,62) (100,2,60) 
(102,2,60) (102,2,62) (102,0,62) 
(102,0,62) (102,0,60) (102,2,60) 
(100,2,62) (102,0,62) (102,2,62) 
(102,0,62) (100,2,62) (100,0,62) 
(102,2,60) (100,2,62) (102,2,62) 
(100,2,62) (102,2,60) (100,2,60) 
(100,0,82) (100,0,80) (102,0,80) 
(102,0,80) (102,0,82) (100,0,82) 
(102,0,80) (100,0,80) (100,2,80) 
(100,2,80) (102,2,80) (102,0,80) 
(100,2,80) (100,0,80) (100,0,82) 
(100,0,82) (100,2,82) (100,2,80) 
(102,2,80) (102,2,82) (102,0,82) 
(102,0,82) (102,0,80) (102,2,80) 
(100,2,82) (102,0,82) (102,2,82) 
(102,0,82) (100,2,82) (100,0,82) 
(102,2,80) (100,2,82) (102,2,82) 
(100,2,82) (102,2,80) (100,2,80) 
(100,0,102) (100,0,100) (102,0,100) 
(102,0,100) (102,0,102) (100,0,102) 
(102,0,100) (100,0,100) (100,2,100) 
(100,2,100) (102,2,100) (102,0,100) 
(100,2,100) (100,0,100) (100,0,102) 
(100,0,102) (100,2,102) (100,2,100) 
(102,2,100) (102,2,102) (102,0,102) 
(102,0,102) (102,0,100) (102,2,100) 
(100,2,102) (102,0,102) (102,2,102) 
(102,0,102) (100,2,102) (100,0,102) 
(102,2,100) (100,2,102) (102,2,102) 
(100,2,102) (102,2,100) (100,2,100) 
(100,20,2) (100,20,0) (102,20,0) 
(102,20,0) (102,20,2) (100,20,2) 
(102,20,0) (100,20,0) (100,22,0) 
(100,22,0) (102,22,0) (102,20,0) 
(100,22,0) (100,20,0) (100,20,2) 
(100,20,2) (100,22,2) (100,22,0) 
(102,22,0) (102,22,2) (102,20,2) 
(102,20,2) (102,20,0) (102,22,0) 
(100,22,2) (102,20,2) (102,22,2) 
(102,20,2) (100,22,2) (100,20,2) 
(102,22,0) (100,22,2) (102,22,2) 
(100,22,2) (102,22,0) (100,22,0) 
(100,20,22) (100,20,20) (102,20,20) 
(102,20,20) (102,20,22) (100,20,22) 
(102,20,20) (100,20,20) (100,22,20) 
(100,22,20) (102,22,20) (102,20,20) 
(100,22,20) (100,20,20) (100,20,22) 
(100,20,22) (100,22,22) (100,22,20) 
(102,22,20) (102,22,22) (102,20,22) 
(102,20,22) (102,20,20) (102,22,20) 
(100,22,22) (102,20,22) (102,22,22) 
(102,20,22) (100,22,22) (100,20,22) 
(102,22,20) (100,22,22) (102,22,22) 
(100,22,22) (102,22,20) (100,22,20) 
(100,20,42) (100,20,40) (102,20,40) 
(102,20,40) (102,20,42) (100,20,42) 
(102,20,40) (100,20,40) (100,22,40) 
(100,22,40) (102,22,40) (102,20,40) 
(100,22,40) (100,20,40) (100,20,42) 
(100,20,42) (100,22,42) (100,22,40) 
(102,22,40) (102,22,42) (102,20,42) 
(102,20,42) (102,20,40) (102,22,40) 
(100,22,42) (102,20,42) (102,22,42) 
(102,20,42) (100,22,42) (100,20,42) 
(102,22,40) (100,22,42) (102,22,42) 
(100,22,42) (102,22,40) (100,22,40) 
(100,20,62) (100,20,60) (102,20,60) 
(102,20,60) (102,20,62) (100,20,62) 
(102,20,60) (100,20,60) (100,22,60) 
(100,22,60) (102,22,60) (102,20,60) 
(100,22,60) (100,20,60) (100,20,62) 
(100,20,62) (100,22,62) (100,22,60) 
(102,22,60) (102,22,62) (102,20,62) 
(102,20,62) (102,20,60) (102,22,60) 
(100,22,62) (102,20,62) (102,22,62) 
(102,20,62) (100,22,62) (100,20,62) 
(102,22,60) (100,22,62) (102,22,62) 
(100,22,62) (102,22,60) (100,22,60) 
(100,20,82) (100,20,80) (102,20,80) 
(102,20,80) (102,20,82) (100,20,82) 
(102,20,80) (100,20,80) (100,22,80) 
(100,22,80) (102,22,80) (102,20,80) 
(100,22,80) (100,20,80) (100,20,82) 
(100,20,82) (100,22,82) (100,22,80) 
(102,22,80) (102,22,82) (102,20,82) 
(102,20,82) (102,20,80) (102,22,80) 
(100,22,82) (102,20,82) (102,22,82) 
(102,20,82) (100,22,82) (100,20,82) 
(102,22,80) (100,22,82) (102,22,82) 
(100,22,82) (102,22,80) (100,22,80) 
(100,20,102) (100,20,100) (102,20,100) 
(102,20,100) (102,20,102) (100,20,102) 
(102,20,100) (100,20,100) (100,22,100) 
(100,22,100) (102,22,100) (102,20,100) 
(100,22,100) (100,20,100) (100,20,102) 
(100,20,102) (100,22,102) (100,22,100) 
(102,22,100) (102,22,102) (102,20,102) 
(102,20,102) (102,20,100) (102,22,100) 
(100,22,102) (102,20,102) (102,22,102) 
(102,20,102) (100,22,102) (100,20,102) 
(102,22,100) (100,22,102) (102,22,102) 
(100,22,102) (102,22,100) (100,22,100) 
(100,40,2) (100,40,0) (102,40,0) 
(102,40,0) (102,40,2) (100,40,2) 
(102,40,0) (100,40,0) (100,42,0) 
(100,42,0) (102,42,0) (102,40,0) 
(100,42,0) (100,40,0) (100,40,2) 
(100,40,2) (100,42,2) (100,42,0) 
(102,42,0) (102,42,2) (102,40,2) 
(102,40,2) (102,40,0) (102,42,0) 
(100,42,2) (102,40,2) (102,42,2) 
(102,40,2) (100,42,2) (100,40,2) 
(102,42,0) (100,42,2) (102,42,2) 
(100,42,2) (102,42,0) (100,42,0) 
(100,40,22) (100,40,20) (102,40,20) 
(102,40,20) (102,40,22) (100,40,22) 
(102,40,20) (100,40,20) (100,42,20) 
(100,42,20) (102,42,20) (102,40,20) 
(100,42,20) (100,40,20) (100,40,22) 
(100,40,22) (100,42,22) (100,42,20) 
(102,42,20) (102,42,22) (102,40,22) 
(102,40,22) (102,40,20) (102,42,20) 
(100,42,22) (102,40,22) (102,42,22) 
(102,40,22) (100,42,22) (100,40,22) 
(102,42,20) (100,42,22) (102,42,22) 
(100,42,22) (102,42,20) (100,42,20) 
(100,40,42) (100,40,40) (102,40,40) 
(102,40,40) (102,40,42) (100,40,42) 
(102,40,40) (100,40,40) (100,42,40) 
(100,42,40) (102,42,40) (102,40,40) 
(100,42,40) (100,40,40) (100,40,42) 
(100,40,42) (100,42,42) (100,42,40) 
(102,42,40) (102,42,42) (102,40,42) 
(102,40,42) (102,40,40) (102,42,40) 
(100,42,42) (102,40,42) (102,42,42) 
(102,40,42) (100,42,42) (100,40,42) 
(102,42,40) (100,42,42) (102,42,42) 
(100,42,42) (102,42,40) (100,42,40) 
(100,40,62) (100,40,60) (102,40,60) 
(102,40,60) (102,40,62) (100,40,62) 
(102,40,60) (100,40,60) (100,42,60) 
(100,42,60) (102,42,60) (102,40,60) 
(100,42,60) (100,40,60) (100,40,62) 
(100,40,62) (100,42,62) (100,42,60) 
(102,42,60) (102,42,62) (102,40,62) 
(102,40,62) (102,40,60) (102,42,60) 
(100,42,62) (102,40,62) (102,42,62) 
(102,40,62) (100,42,62) (100,40,62) 
(102,42,60) (100,42,62) (102,42,62) 
(100,42,62) (102,42,60) (100,42,60) 
(100,40,82) (100,40,80) (102,40,80) 
(102,40,80) (102,40,82) (100,40,82) 
(102,40,80) (100,40,80) (100,42,80) 
(100,42,80) (102,42,80) (102,40,80) 
(100,42,80) (100,40,80) (100,40,82) 
(100,40,82) (100,42,82) (100,42,80) 
(102,42,80) (102,42,82) (102,40,82) 
(102,40,82) (102,40,80) (102,42,80) 
(100,42,82) (102,40,82) (102,42,82) 
(102,40,82) (100,42,82) (100,40,82) 
(102,42,80) (100,42,82) (102,42,82) 
(100,42,82) (102,42,80) (100,42,80) 
(100,40,102) (100,40,100) (102,40,100) 
(102,40,100) (102,40,102) (100,40,102) 
(102,40,100) (100,40,100) (100,42,100) 
(100,42,100) (102,42,100) (102,40,100) 
(100,42,100) (100,40,100) (100,40,102) 
(100,40,102) (100,42,102) (100,42,100) 
(102,42,100) (102,42,102) (102,40,102) 
(102,40,102) (102,40,100) (102,42,100) 
(100,42,102) (102,40,102) (102,42,102) 
(102,40,102) (100,42,102) (100,40,102) 
(102,42,100) (100,42,102) (102,42,102) 
(100,42,102) (102,42,100) (100,42,100) 
(100,60,2) (100,60,0) (102,60,0) 
(102,60,0) (102,60,2) (100,60,2) 
(102,60,0) (100,60,0) (100,62,0) 
(100,62,0) (102,62,0) (102,60,0) 
(100,62,0) (100,60,0) (100,60,2) 
(100,60,2) (100,62,2) (100,62,0) 
(102,62,0) (102,62,2) (102,60,2) 
(102,60,2) (102,60,0) (102,62,0) 
(100,62,2) (102,60,2) (102,62,2) 
(102,60,2) (100,62,2) (100,60,2) 
(102,62,0) (100,62,2) (102,62,2) 
(100,62,2) (102,62,0) (100,62,0) 
(100,60,22) (100,60,20) (102,60,20) 
(102,60,20) (102,60,22) (100,60,22) 
(102,60,20) (100,60,20) (100,62,20) 
(100,62,20) (102,62,20) (102,60,20) 
(100,62,20) (100,60,20) (100,60,22) 
(100,60,22) (100,62,22) (100,62,20) 
(102,62,20) (102,62,22) (102,60,22) 
(102,60,22) (102,60,20) (102,62,20) 
(100,62,22) (102,60,22) (102,62,22) 
(102,60,22) (100,62,22) (100,60,22) 
(102,62,20) (100,62,22) (102,62,22) 
(100,62,22) (102,62,20) (100,62,20) 
(100,60,42) (100,60,40) (102,60,40) 
(102,60,40) (102,60,42) (100,60,42) 
(102,60,40) (100,60,40) (100,62,40) 
(100,62,40) (102,62,40) (102,60,40) 
(100,62,40) (100,60,40) (100,60,42) 
(100,60,42) (100,62,42) (100,62,40) 
(102,62,40) (102,62,42) (102,60,42) 
(102,60,42) (102,60,40) (102,62,40) 
(100,62,42) (102,60,42) (102,62,42) 
(102,60,42) (100,62,42) (100,60,42) 
(102,62,40) (100,62,42) (102,62,42) 
(100,62,42) (102,62,40) (100,62,40) 
(100,60,62) (100,60,60) (102,60,60) 
(102,60,60) (102,60,62) (100,60,62) 
(102,60,60) (100,60,60) (100,62,60) 
(100,62,60) (102,62,60) (102,60,60) 
(100,62,60) (100,60,60) (100,60,62) 
(100,60,62) (100,62,62) (100,62,60) 
(102,62,60) (102,62,62) (102,60,62) 
(102,60,62) (102,60,60) (102,62,60) 
(100,62,62) (102,60,62) (102,62,62) 
(102,60,62) (100,62,62) (100,60,62) 
(102,62,60) (100,62,62) (102,62,62) 
(100,62,62) (102,62,60) (100,62,60) 
(100,60,82) (100,60,80) (102,60,80) 
(102,60,80) (102,60,82) (100,60,82) 
(102,60,80) (100,60,80) (100,62,80) 
(100,62,80) (102,62,80) (102,60,80) 
(100,62,80) (100,60,80) (100,60,82) 
(100,60,82) (100,62,82) (100,62,80) 
(102,62,80) (102,62,82) (102,60,82) 
(102,60,82) (102,60,80) (102,62,80) 
(100,62,82) (102,60,82) (102,62,82) 
(102,60,82) (100,62,82) (100,60,82) 
(102,62,80) (100,62,82) (102,62,82) 
(100,62,82) (102,62,80) (100,62,80) 
(100,60,102) (100,60,100) (102,60,100) 
(102,60,100) (102,60,102) (100,60,102) 
(102,60,100) (100,60,100) (100,62,100) 
(100,62,100) (102,62,100) (102,60,100) 
(100,62,100) (100,60,100) (100,60,102) 
(100,60,102) (100,62,102) (100,62,100) 
(102,62,100) (102,62,102) (102,60,102) 
(102,60,102) (102,60,100) (102,62,100) 
(100,62,102) (102,60,102) (102,62,102) 
(102,60,102) (100,62,102) (100,60,102) 
(102,62,100) (100,62,102) (102,62,102) 
(100,62,102) (102,62,100) (100,62,100) 
(100,80,2) (100,80,0) (102,80,0) 
(102,80,0) (102,80,2) (100,80,2) 
(102,80,0) (100,80,0) (100,82,0) 
(100,82,0) (102,82,0) (102,80,0) 
(100,82,0) (100,80,0) (100,80,2) 
(100,80,2) (100,82,2) (100,82,0) 
(102,82,0) (102,82,2) (102,80,2) 
(102,80,2) (102,80,0) (102,82,0) 
(100,82,2) (102,80,2) (102,82,2) 
(102,80,2) (100,82,2) (100,80,2) 
(102,82,0) (100,82,2) (102,82,2) 
(100,82,2) (102,82,0) (100,82,0) 
(100,80,22) (100,80,20) (102,80,20) 
(102,80,20) (102,80,22) (100,80,22) 
(102,80,20) (100,80,20) (100,82,20) 
(100,82,20) (102,82,20) (102,80,20) 
(100,82,20) (100,80,20) (100,80,22) 
(100,80,22) (100,82,22) (100,82,20) 
(102,82,20) (102,82,22) (102,80,22) 
(102,80,22) (102,80,20) (102,82,20) 
(100,82,22) (102,80,22) (102,82,22) 
(102,80,22) (100,82,22) (100,80,22) 
(102,82,20) (100,82,22) (102,82,22) 
(100,82,22) (102,82,20) (100,82,20) 
(100,80,42) (100,80,40) (102,80,40) 
(102,80,40) (102,80,42) (100,80,42) 
(102,80,40) (100,80,40) (100,82,40) 
(100,82,40) (102,82,40) (102,80,40) 
(100,82,40) (100,80,40) (100,80,42) 
(100,80,42) (100,82,42) (100,82,40) 
(102,82,40) (102,82,42) (102,80,42) 
(102,80,42) (102,80,40) (102,82,40) 
(100,82,42) (102,80,42) (102,82,42) 
(102,80,42) (100,82,42) (100,80,42) 
(102,82,40) (100,82,42) (102,82,42) 
(100,82,42) (102,82,40) (100,82,40) 
(100,80,62) (100,80,60) (102,80,60) 
(102,80,60) (102,80,62) (100,80,62) 
(102,80,60) (100,80,60) (100,82,60) 
(100,82,60) (102,82,60) (102,80,60) 
(100,82,60) (100,80,60) (100,80,62) 
(100,80,62) (100,82,62) (100,82,60) 
(102,82,60) (102,82,62) (102,80,62) 
(102,80,62) (102,80,60) (102,82,60) 
(100,82,62) (102,80,62) (102,82,62) 
(102,80,62) (100,82,62) (100,80,62) 
(102,82,60) (100,82,62) (102,82,62) 
(100,82,62) (102,82,60) (100,82,60) 
(100,80,82) (100,80,80) (102,80,80) 
(102,80,80) (102,80,82) (100,80,82) 
(102,80,80) (100,80,80) (100,82,80) 
(100,82,80) (102,82,80) (102,80,80) 
(100,82,80) (100,80,80) (100,80,82) 
(100,80,82) (100,82,82) (100,82,80) 
(102,82,80) (102,82,82) (102,80,82) 
(102,80,82) (102,80,80) (102,82,80) 
(100,82,82) (102,80,82) (102,82,82) 
(102,80,82) (100,82,82) (100,80,82) 
(102,82,80) (100,82,82) (102,82,82) 
(100,82,82) (102,82,80) (100,82,80) 
(100,80,102) (100,80,100) (102,80,100) 
(102,80,100) (102,80,102) (100,80,102) 
(102,80,100) (100,80,100) (100,82,100) 
(100,82,100) (102,82,100) (102,80,100) 
(100,82,100) (100,80,100) (100,80,102) 
(100,80,102) (100,82,102) (100,82,100) 
(102,82,100) (102,82,102) (102,80,102) 
(102,80,102) (102,80,100) (102,82,100) 
(100,82,102) (102,80,102) (102,82,102) 
(102,80,102) (100,82,102) (100,80,102) 
(102,82,100) (100,82,102) (102,82,102) 
(100,82,102) (102,82,100) (100,82,100) 
(100,100,2) (100,100,0) (102,100,0) 
(102,100,0) (102,100,2) (100,100,2) 
(102,100,0) (100,100,0) (100,102,0) 
(100,102,0) (102,102,0) (102,100,0) 
(100,102,0) (100,100,0) (100,100,2) 
(100,100,2) (100,102,2) (100,102,0) 
(102,102,0) (102,102,2) (102,100,2) 
(102,100,2) (102,100,0) (102,102,0) 
(100,102,2) (102,100,2) (102,102,2) 
(102,100,2) (100,102,2) (100,100,2) 
(102,102,0) (100,102,2) (102,102,2) 
(100,102,2) (102,102,0) (100,102,0) 
(100,100,22) (100,100,20) (102,100,20) 
(102,100,20) (102,100,22) (100,100,22) 
(102,100,20) (100,100,20) (100,102,20) 
(100,102,20) (102,102,20) (102,100,20) 
(100,102,20) (100,100,20) (100,100,22) 
(100,100,22) (100,102,22) (100,102,20) 
(102,102,20) (102,102,22) (102,100,22) 
(102,100,22) (102,100,20) (102,102,20) 
(100,102,22) (102,100,22) (102,102,22) 
(102,100,22) (100,102,22) (100,100,22) 
(102,102,20) (100,102,22) (102,102,22) 
(100,102,22) (102,102,20) (100,102,20) 
(100,100,42) (100,100,40) (102,100,40) 
(102,100,40) (102,100,42) (100,100,42) 
(102,100,40) (100,100,40) (100,102,40) 
(100,102,40) (102,102,40) (102,100,40) 
(100,102,40) (100,100,40) (100,100,42) 
(100,100,42) (100,102,42) (100,102,40) 
(102,102,40) (102,102,42) (102,100,42) 
(102,100,42) (102,100,40) (102,102,40) 
(100,102,42) (102,100,42) (102,102,42) 
(102,100,42) (100,102,42) (100,100,42) 
(102,102,40) (100,102,42) (102,102,42) 
(100,102,42) (102,102,40) (100,102,40) 
(100,100,62) (100,100,60) (102,100,60) 
(102,100,60) (102,100,62) (100,100,62) 
(102,100,60) (100,100,60) (100,102,60) 
(100,102,60) (102,102,60) (102,100,60) 
(100,102,60) (100,100,60) (100,100,62) 
(100,100,62) (100,102,62) (100,102,60) 
(102,102,60) (102,102,62) (102,100,62) 
(102,100,62) (102,100,60) (102,102,60) 
(100,102,62) (102,100,62) (102,102,62) 
(102,100,62) (100,102,62) (100,100,62) 
(102,102,60) (100,102,62) (102,102,62) 
(100,102,62) (102,102,60) (100,102,60) 
(100,100,82) (100,100,80) (102,100,80) 
(102,100,80) (102,100,82) (100,100,82) 
(102,100,80) (100,100,80) (100,102,80) 
(100,102,80) (102,102,80) (102,100,80) 
(100,102,80) (100,100,80) (100,100,82) 
(100,100,82) (100,102,82) (100,102,80) 
(102,102,80) (102,102,82) (102,100,82) 
(102,100,82) (102,100,80) (102,102,80) 
(100,102,82) (102,100,82) (102,102,82) 
(102,100,82) (100,102,82) (100,100,82) 
(102,102,80) (100,102,82) (102,102,82) 
(100,102,82) (102,102,80) (100,102,80) 
(100,100,102) (100,100,100) (102,100,100) 
(102,100,100) (102,100,102) (100,100,102) 
(102,100,100) (100,100,100) (100,102,100) 
(100,102,100) (102,102,100) (102,100,100) 
(100,102,100) (100,100,100) (100,100,102) 
(100,100,102) (100,102,102) (100,102,100) 
(102,102,100) (102,102,102) (102,100,102) 
(102,100,102) (102,100,100) (102,102,100) 
(100,102,102) (102,100,102) (102,102,102) 
(102,100,102) (100,102,102) (100,100,102) 
(102,102,100) (100,102,102) (102,102,102) 
(100,102,102) (102,102,100) (100,102,100) 
