(0,20,7) (7,20,4.28612e-16) (0,20,7)
(0,20,7) (7,20,4.28612e-16) (4.28612e-16,27,4.28612e-16)
(0,20,7) (4.28612e-16,27,4.28612e-16) (0,20,7)
(0,20,7) (4.28612e-16,27,4.28612e-16) (-7,20,4.28612e-16)
(0,20,7) (-7,20,4.28612e-16) (0,20,7)
(0,20,7) (-7,20,4.28612e-16) (-1.28584e-15,13,4.28612e-16)
(0,20,7) (-1.28584e-15,13,4.28612e-16) (0,20,7)
(0,20,7) (-1.28584e-15,13,4.28612e-16) (7,20,4.28612e-16)
(7,20,4.28612e-16) (8.57224e-16,20,-7) (4.28612e-16,27,4.28612e-16)
(4.28612e-16,27,4.28612e-16) (8.57224e-16,20,-7) (5.24881e-32,20,-7)
(4.28612e-16,27,4.28612e-16) (5.24881e-32,20,-7) (-7,20,4.28612e-16)
(-7,20,4.28612e-16) (5.24881e-32,20,-7) (-8.57224e-16,20,-7)
(-7,20,4.28612e-16) (-8.57224e-16,20,-7) (-1.28584e-15,13,4.28612e-16)
(-1.28584e-15,13,4.28612e-16) (-8.57224e-16,20,-7) (-1.57464e-31,20,-7)
(-1.28584e-15,13,4.28612e-16) (-1.57464e-31,20,-7) (7,20,4.28612e-16)
(7,20,4.28612e-16) (-1.57464e-31,20,-7) (8.57224e-16,20,-7)
(8.57224e-16,20,-7) (0,20,7) (5.24881e-32,20,-7)
(5.24881e-32,20,-7) (0,20,7) (0,20,7)
(5.24881e-32,20,-7) (0,20,7) (-8.57224e-16,20,-7)
(-8.57224e-16,20,-7) (0,20,7) (0,20,7)
(-8.57224e-16,20,-7) (0,20,7) (-1.57464e-31,20,-7)
(-1.57464e-31,20,-7) (0,20,7) (0,20,7)
(-1.57464e-31,20,-7) (0,20,7) (8.57224e-16,20,-7)
(8.57224e-16,20,-7) (0,20,7) (0,20,7)

(0,-20,6) (1.24747,-20,5.86889) (0,-20,6)
(0,-20,6) (1.24747,-20,5.86889) (1.15251,-19.5226,5.86889)
(0,-20,6) (1.15251,-19.5226,5.86889) (0,-20,6)
(0,-20,6) (1.15251,-19.5226,5.86889) (0.882095,-19.1179,5.86889)
(0,-20,6) (0.882095,-19.1179,5.86889) (0,-20,6)
(0,-20,6) (0.882095,-19.1179,5.86889) (0.477386,-18.8475,5.86889)
(0,-20,6) (0.477386,-18.8475,5.86889) (0,-20,6)
(0,-20,6) (0.477386,-18.8475,5.86889) (7.6383e-17,-18.7525,5.86889)
(0,-20,6) (7.6383e-17,-18.7525,5.86889) (0,-20,6)
(0,-20,6) (7.6383e-17,-18.7525,5.86889) (-0.477386,-18.8475,5.86889)
(0,-20,6) (-0.477386,-18.8475,5.86889) (0,-20,6)
(0,-20,6) (-0.477386,-18.8475,5.86889) (-0.882095,-19.1179,5.86889)
(0,-20,6) (-0.882095,-19.1179,5.86889) (0,-20,6)
(0,-20,6) (-0.882095,-19.1179,5.86889) (-1.15251,-19.5226,5.86889)
(0,-20,6) (-1.15251,-19.5226,5.86889) (0,-20,6)
(0,-20,6) (-1.15251,-19.5226,5.86889) (-1.24747,-20,5.86889)
(0,-20,6) (-1.24747,-20,5.86889) (0,-20,6)
(0,-20,6) (-1.24747,-20,5.86889) (-1.15251,-20.4774,5.86889)
(0,-20,6) (-1.15251,-20.4774,5.86889) (0,-20,6)
(0,-20,6) (-1.15251,-20.4774,5.86889) (-0.882095,-20.8821,5.86889)
(0,-20,6) (-0.882095,-20.8821,5.86889) (0,-20,6)
(0,-20,6) (-0.882095,-20.8821,5.86889) (-0.477386,-21.1525,5.86889)
(0,-20,6) (-0.477386,-21.1525,5.86889) (0,-20,6)
(0,-20,6) (-0.477386,-21.1525,5.86889) (-2.29149e-16,-21.2475,5.86889)
(0,-20,6) (-2.29149e-16,-21.2475,5.86889) (0,-20,6)
(0,-20,6) (-2.29149e-16,-21.2475,5.86889) (0.477386,-21.1525,5.86889)
(0,-20,6) (0.477386,-21.1525,5.86889) (0,-20,6)
(0,-20,6) (0.477386,-21.1525,5.86889) (0.882095,-20.8821,5.86889)
(0,-20,6) (0.882095,-20.8821,5.86889) (0,-20,6)
(0,-20,6) (0.882095,-20.8821,5.86889) (1.15251,-20.4774,5.86889)
(0,-20,6) (1.15251,-20.4774,5.86889) (0,-20,6)
(0,-20,6) (1.15251,-20.4774,5.86889) (1.24747,-20,5.86889)
(1.24747,-20,5.86889) (2.44042,-20,5.48127) (1.15251,-19.5226,5.86889)
(1.15251,-19.5226,5.86889) (2.44042,-20,5.48127) (2.25465,-19.0661,5.48127)
(1.15251,-19.5226,5.86889) (2.25465,-19.0661,5.48127) (0.882095,-19.1179,5.86889)
(0.882095,-19.1179,5.86889) (2.25465,-19.0661,5.48127) (1.72564,-18.2744,5.48127)
(0.882095,-19.1179,5.86889) (1.72564,-18.2744,5.48127) (0.477386,-18.8475,5.86889)
(0.477386,-18.8475,5.86889) (1.72564,-18.2744,5.48127) (0.933908,-17.7453,5.48127)
(0.477386,-18.8475,5.86889) (0.933908,-17.7453,5.48127) (7.6383e-17,-18.7525,5.86889)
(7.6383e-17,-18.7525,5.86889) (0.933908,-17.7453,5.48127) (1.49428e-16,-17.5596,5.48127)
(7.6383e-17,-18.7525,5.86889) (1.49428e-16,-17.5596,5.48127) (-0.477386,-18.8475,5.86889)
(-0.477386,-18.8475,5.86889) (1.49428e-16,-17.5596,5.48127) (-0.933908,-17.7453,5.48127)
(-0.477386,-18.8475,5.86889) (-0.933908,-17.7453,5.48127) (-0.882095,-19.1179,5.86889)
(-0.882095,-19.1179,5.86889) (-0.933908,-17.7453,5.48127) (-1.72564,-18.2744,5.48127)
(-0.882095,-19.1179,5.86889) (-1.72564,-18.2744,5.48127) (-1.15251,-19.5226,5.86889)
(-1.15251,-19.5226,5.86889) (-1.72564,-18.2744,5.48127) (-2.25465,-19.0661,5.48127)
(-1.15251,-19.5226,5.86889) (-2.25465,-19.0661,5.48127) (-1.24747,-20,5.86889)
(-1.24747,-20,5.86889) (-2.25465,-19.0661,5.48127) (-2.44042,-20,5.48127)
(-1.24747,-20,5.86889) (-2.44042,-20,5.48127) (-1.15251,-20.4774,5.86889)
(-1.15251,-20.4774,5.86889) (-2.44042,-20,5.48127) (-2.25465,-20.9339,5.48127)
(-1.15251,-20.4774,5.86889) (-2.25465,-20.9339,5.48127) (-0.882095,-20.8821,5.86889)
(-0.882095,-20.8821,5.86889) (-2.25465,-20.9339,5.48127) (-1.72564,-21.7256,5.48127)
(-0.882095,-20.8821,5.86889) (-1.72564,-21.7256,5.48127) (-0.477386,-21.1525,5.86889)
(-0.477386,-21.1525,5.86889) (-1.72564,-21.7256,5.48127) (-0.933908,-22.2547,5.48127)
(-0.477386,-21.1525,5.86889) (-0.933908,-22.2547,5.48127) (-2.29149e-16,-21.2475,5.86889)
(-2.29149e-16,-21.2475,5.86889) (-0.933908,-22.2547,5.48127) (-4.48283e-16,-22.4404,5.48127)
(-2.29149e-16,-21.2475,5.86889) (-4.48283e-16,-22.4404,5.48127) (0.477386,-21.1525,5.86889)
(0.477386,-21.1525,5.86889) (-4.48283e-16,-22.4404,5.48127) (0.933908,-22.2547,5.48127)
(0.477386,-21.1525,5.86889) (0.933908,-22.2547,5.48127) (0.882095,-20.8821,5.86889)
(0.882095,-20.8821,5.86889) (0.933908,-22.2547,5.48127) (1.72564,-21.7256,5.48127)
(0.882095,-20.8821,5.86889) (1.72564,-21.7256,5.48127) (1.15251,-20.4774,5.86889)
(1.15251,-20.4774,5.86889) (1.72564,-21.7256,5.48127) (2.25465,-20.9339,5.48127)
(1.15251,-20.4774,5.86889) (2.25465,-20.9339,5.48127) (1.24747,-20,5.86889)
(1.24747,-20,5.86889) (2.25465,-20.9339,5.48127) (2.44042,-20,5.48127)
(2.44042,-20,5.48127) (3.52671,-20,4.8541) (2.25465,-19.0661,5.48127)
(2.25465,-19.0661,5.48127) (3.52671,-20,4.8541) (3.25826,-18.6504,4.8541)
(2.25465,-19.0661,5.48127) (3.25826,-18.6504,4.8541) (1.72564,-18.2744,5.48127)
(1.72564,-18.2744,5.48127) (3.25826,-18.6504,4.8541) (2.49376,-17.5062,4.8541)
(1.72564,-18.2744,5.48127) (2.49376,-17.5062,4.8541) (0.933908,-17.7453,5.48127)
(0.933908,-17.7453,5.48127) (2.49376,-17.5062,4.8541) (1.34961,-16.7417,4.8541)
(0.933908,-17.7453,5.48127) (1.34961,-16.7417,4.8541) (1.49428e-16,-17.5596,5.48127)
(1.49428e-16,-17.5596,5.48127) (1.34961,-16.7417,4.8541) (2.15942e-16,-16.4733,4.8541)
(1.49428e-16,-17.5596,5.48127) (2.15942e-16,-16.4733,4.8541) (-0.933908,-17.7453,5.48127)
(-0.933908,-17.7453,5.48127) (2.15942e-16,-16.4733,4.8541) (-1.34961,-16.7417,4.8541)
(-0.933908,-17.7453,5.48127) (-1.34961,-16.7417,4.8541) (-1.72564,-18.2744,5.48127)
(-1.72564,-18.2744,5.48127) (-1.34961,-16.7417,4.8541) (-2.49376,-17.5062,4.8541)
(-1.72564,-18.2744,5.48127) (-2.49376,-17.5062,4.8541) (-2.25465,-19.0661,5.48127)
(-2.25465,-19.0661,5.48127) (-2.49376,-17.5062,4.8541) (-3.25826,-18.6504,4.8541)
(-2.25465,-19.0661,5.48127) (-3.25826,-18.6504,4.8541) (-2.44042,-20,5.48127)
(-2.44042,-20,5.48127) (-3.25826,-18.6504,4.8541) (-3.52671,-20,4.8541)
(-2.44042,-20,5.48127) (-3.52671,-20,4.8541) (-2.25465,-20.9339,5.48127)
(-2.25465,-20.9339,5.48127) (-3.52671,-20,4.8541) (-3.25826,-21.3496,4.8541)
(-2.25465,-20.9339,5.48127) (-3.25826,-21.3496,4.8541) (-1.72564,-21.7256,5.48127)
(-1.72564,-21.7256,5.48127) (-3.25826,-21.3496,4.8541) (-2.49376,-22.4938,4.8541)
(-1.72564,-21.7256,5.48127) (-2.49376,-22.4938,4.8541) (-0.933908,-22.2547,5.48127)
(-0.933908,-22.2547,5.48127) (-2.49376,-22.4938,4.8541) (-1.34961,-23.2583,4.8541)
(-0.933908,-22.2547,5.48127) (-1.34961,-23.2583,4.8541) (-4.48283e-16,-22.4404,5.48127)
(-4.48283e-16,-22.4404,5.48127) (-1.34961,-23.2583,4.8541) (-6.47825e-16,-23.5267,4.8541)
(-4.48283e-16,-22.4404,5.48127) (-6.47825e-16,-23.5267,4.8541) (0.933908,-22.2547,5.48127)
(0.933908,-22.2547,5.48127) (-6.47825e-16,-23.5267,4.8541) (1.34961,-23.2583,4.8541)
(0.933908,-22.2547,5.48127) (1.34961,-23.2583,4.8541) (1.72564,-21.7256,5.48127)
(1.72564,-21.7256,5.48127) (1.34961,-23.2583,4.8541) (2.49376,-22.4938,4.8541)
(1.72564,-21.7256,5.48127) (2.49376,-22.4938,4.8541) (2.25465,-20.9339,5.48127)
(2.25465,-20.9339,5.48127) (2.49376,-22.4938,4.8541) (3.25826,-21.3496,4.8541)
(2.25465,-20.9339,5.48127) (3.25826,-21.3496,4.8541) (2.44042,-20,5.48127)
(2.44042,-20,5.48127) (3.25826,-21.3496,4.8541) (3.52671,-20,4.8541)
(3.52671,-20,4.8541) (4.45887,-20,4.01478) (3.25826,-18.6504,4.8541)
(3.25826,-18.6504,4.8541) (4.45887,-20,4.01478) (4.11946,-18.2937,4.01478)
(3.25826,-18.6504,4.8541) (4.11946,-18.2937,4.01478) (2.49376,-17.5062,4.8541)
(2.49376,-17.5062,4.8541) (4.11946,-18.2937,4.01478) (3.1529,-16.8471,4.01478)
(2.49376,-17.5062,4.8541) (3.1529,-16.8471,4.01478) (1.34961,-16.7417,4.8541)
(1.34961,-16.7417,4.8541) (3.1529,-16.8471,4.01478) (1.70634,-15.8805,4.01478)
(1.34961,-16.7417,4.8541) (1.70634,-15.8805,4.01478) (2.15942e-16,-16.4733,4.8541)
(2.15942e-16,-16.4733,4.8541) (1.70634,-15.8805,4.01478) (2.73018e-16,-15.5411,4.01478)
(2.15942e-16,-16.4733,4.8541) (2.73018e-16,-15.5411,4.01478) (-1.34961,-16.7417,4.8541)
(-1.34961,-16.7417,4.8541) (2.73018e-16,-15.5411,4.01478) (-1.70634,-15.8805,4.01478)
(-1.34961,-16.7417,4.8541) (-1.70634,-15.8805,4.01478) (-2.49376,-17.5062,4.8541)
(-2.49376,-17.5062,4.8541) (-1.70634,-15.8805,4.01478) (-3.1529,-16.8471,4.01478)
(-2.49376,-17.5062,4.8541) (-3.1529,-16.8471,4.01478) (-3.25826,-18.6504,4.8541)
(-3.25826,-18.6504,4.8541) (-3.1529,-16.8471,4.01478) (-4.11946,-18.2937,4.01478)
(-3.25826,-18.6504,4.8541) (-4.11946,-18.2937,4.01478) (-3.52671,-20,4.8541)
(-3.52671,-20,4.8541) (-4.11946,-18.2937,4.01478) (-4.45887,-20,4.01478)
(-3.52671,-20,4.8541) (-4.45887,-20,4.01478) (-3.25826,-21.3496,4.8541)
(-3.25826,-21.3496,4.8541) (-4.45887,-20,4.01478) (-4.11946,-21.7063,4.01478)
(-3.25826,-21.3496,4.8541) (-4.11946,-21.7063,4.01478) (-2.49376,-22.4938,4.8541)
(-2.49376,-22.4938,4.8541) (-4.11946,-21.7063,4.01478) (-3.1529,-23.1529,4.01478)
(-2.49376,-22.4938,4.8541) (-3.1529,-23.1529,4.01478) (-1.34961,-23.2583,4.8541)
(-1.34961,-23.2583,4.8541) (-3.1529,-23.1529,4.01478) (-1.70634,-24.1195,4.01478)
(-1.34961,-23.2583,4.8541) (-1.70634,-24.1195,4.01478) (-6.47825e-16,-23.5267,4.8541)
(-6.47825e-16,-23.5267,4.8541) (-1.70634,-24.1195,4.01478) (-8.19054e-16,-24.4589,4.01478)
(-6.47825e-16,-23.5267,4.8541) (-8.19054e-16,-24.4589,4.01478) (1.34961,-23.2583,4.8541)
(1.34961,-23.2583,4.8541) (-8.19054e-16,-24.4589,4.01478) (1.70634,-24.1195,4.01478)
(1.34961,-23.2583,4.8541) (1.70634,-24.1195,4.01478) (2.49376,-22.4938,4.8541)
(2.49376,-22.4938,4.8541) (1.70634,-24.1195,4.01478) (3.1529,-23.1529,4.01478)
(2.49376,-22.4938,4.8541) (3.1529,-23.1529,4.01478) (3.25826,-21.3496,4.8541)
(3.25826,-21.3496,4.8541) (3.1529,-23.1529,4.01478) (4.11946,-21.7063,4.01478)
(3.25826,-21.3496,4.8541) (4.11946,-21.7063,4.01478) (3.52671,-20,4.8541)
(3.52671,-20,4.8541) (4.11946,-21.7063,4.01478) (4.45887,-20,4.01478)
(4.45887,-20,4.01478) (5.19615,-20,3) (4.11946,-18.2937,4.01478)
(4.11946,-18.2937,4.01478) (5.19615,-20,3) (4.80062,-18.0115,3)
(4.11946,-18.2937,4.01478) (4.80062,-18.0115,3) (3.1529,-16.8471,4.01478)
(3.1529,-16.8471,4.01478) (4.80062,-18.0115,3) (3.67423,-16.3258,3)
(3.1529,-16.8471,4.01478) (3.67423,-16.3258,3) (1.70634,-15.8805,4.01478)
(1.70634,-15.8805,4.01478) (3.67423,-16.3258,3) (1.98848,-15.1994,3)
(1.70634,-15.8805,4.01478) (1.98848,-15.1994,3) (2.73018e-16,-15.5411,4.01478)
(2.73018e-16,-15.5411,4.01478) (1.98848,-15.1994,3) (3.18162e-16,-14.8038,3)
(2.73018e-16,-15.5411,4.01478) (3.18162e-16,-14.8038,3) (-1.70634,-15.8805,4.01478)
(-1.70634,-15.8805,4.01478) (3.18162e-16,-14.8038,3) (-1.98848,-15.1994,3)
(-1.70634,-15.8805,4.01478) (-1.98848,-15.1994,3) (-3.1529,-16.8471,4.01478)
(-3.1529,-16.8471,4.01478) (-1.98848,-15.1994,3) (-3.67423,-16.3258,3)
(-3.1529,-16.8471,4.01478) (-3.67423,-16.3258,3) (-4.11946,-18.2937,4.01478)
(-4.11946,-18.2937,4.01478) (-3.67423,-16.3258,3) (-4.80062,-18.0115,3)
(-4.11946,-18.2937,4.01478) (-4.80062,-18.0115,3) (-4.45887,-20,4.01478)
(-4.45887,-20,4.01478) (-4.80062,-18.0115,3) (-5.19615,-20,3)
(-4.45887,-20,4.01478) (-5.19615,-20,3) (-4.11946,-21.7063,4.01478)
(-4.11946,-21.7063,4.01478) (-5.19615,-20,3) (-4.80062,-21.9885,3)
(-4.11946,-21.7063,4.01478) (-4.80062,-21.9885,3) (-3.1529,-23.1529,4.01478)
(-3.1529,-23.1529,4.01478) (-4.80062,-21.9885,3) (-3.67423,-23.6742,3)
(-3.1529,-23.1529,4.01478) (-3.67423,-23.6742,3) (-1.70634,-24.1195,4.01478)
(-1.70634,-24.1195,4.01478) (-3.67423,-23.6742,3) (-1.98848,-24.8006,3)
(-1.70634,-24.1195,4.01478) (-1.98848,-24.8006,3) (-8.19054e-16,-24.4589,4.01478)
(-8.19054e-16,-24.4589,4.01478) (-1.98848,-24.8006,3) (-9.54486e-16,-25.1962,3)
(-8.19054e-16,-24.4589,4.01478) (-9.54486e-16,-25.1962,3) (1.70634,-24.1195,4.01478)
(1.70634,-24.1195,4.01478) (-9.54486e-16,-25.1962,3) (1.98848,-24.8006,3)
(1.70634,-24.1195,4.01478) (1.98848,-24.8006,3) (3.1529,-23.1529,4.01478)
(3.1529,-23.1529,4.01478) (1.98848,-24.8006,3) (3.67423,-23.6742,3)
(3.1529,-23.1529,4.01478) (3.67423,-23.6742,3) (4.11946,-21.7063,4.01478)
(4.11946,-21.7063,4.01478) (3.67423,-23.6742,3) (4.80062,-21.9885,3)
(4.11946,-21.7063,4.01478) (4.80062,-21.9885,3) (4.45887,-20,4.01478)
(4.45887,-20,4.01478) (4.80062,-21.9885,3) (5.19615,-20,3)
(5.19615,-20,3) (5.70634,-20,1.8541) (4.80062,-18.0115,3)
(4.80062,-18.0115,3) (5.70634,-20,1.8541) (5.27197,-17.8163,1.8541)
(4.80062,-18.0115,3) (5.27197,-17.8163,1.8541) (3.67423,-16.3258,3)
(3.67423,-16.3258,3) (5.27197,-17.8163,1.8541) (4.03499,-15.965,1.8541)
(3.67423,-16.3258,3) (4.03499,-15.965,1.8541) (1.98848,-15.1994,3)
(1.98848,-15.1994,3) (4.03499,-15.965,1.8541) (2.18372,-14.728,1.8541)
(1.98848,-15.1994,3) (2.18372,-14.728,1.8541) (3.18162e-16,-14.8038,3)
(3.18162e-16,-14.8038,3) (2.18372,-14.728,1.8541) (3.49401e-16,-14.2937,1.8541)
(3.18162e-16,-14.8038,3) (3.49401e-16,-14.2937,1.8541) (-1.98848,-15.1994,3)
(-1.98848,-15.1994,3) (3.49401e-16,-14.2937,1.8541) (-2.18372,-14.728,1.8541)
(-1.98848,-15.1994,3) (-2.18372,-14.728,1.8541) (-3.67423,-16.3258,3)
(-3.67423,-16.3258,3) (-2.18372,-14.728,1.8541) (-4.03499,-15.965,1.8541)
(-3.67423,-16.3258,3) (-4.03499,-15.965,1.8541) (-4.80062,-18.0115,3)
(-4.80062,-18.0115,3) (-4.03499,-15.965,1.8541) (-5.27197,-17.8163,1.8541)
(-4.80062,-18.0115,3) (-5.27197,-17.8163,1.8541) (-5.19615,-20,3)
(-5.19615,-20,3) (-5.27197,-17.8163,1.8541) (-5.70634,-20,1.8541)
(-5.19615,-20,3) (-5.70634,-20,1.8541) (-4.80062,-21.9885,3)
(-4.80062,-21.9885,3) (-5.70634,-20,1.8541) (-5.27197,-22.1837,1.8541)
(-4.80062,-21.9885,3) (-5.27197,-22.1837,1.8541) (-3.67423,-23.6742,3)
(-3.67423,-23.6742,3) (-5.27197,-22.1837,1.8541) (-4.03499,-24.035,1.8541)
(-3.67423,-23.6742,3) (-4.03499,-24.035,1.8541) (-1.98848,-24.8006,3)
(-1.98848,-24.8006,3) (-4.03499,-24.035,1.8541) (-2.18372,-25.272,1.8541)
(-1.98848,-24.8006,3) (-2.18372,-25.272,1.8541) (-9.54486e-16,-25.1962,3)
(-9.54486e-16,-25.1962,3) (-2.18372,-25.272,1.8541) (-1.0482e-15,-25.7063,1.8541)
(-9.54486e-16,-25.1962,3) (-1.0482e-15,-25.7063,1.8541) (1.98848,-24.8006,3)
(1.98848,-24.8006,3) (-1.0482e-15,-25.7063,1.8541) (2.18372,-25.272,1.8541)
(1.98848,-24.8006,3) (2.18372,-25.272,1.8541) (3.67423,-23.6742,3)
(3.67423,-23.6742,3) (2.18372,-25.272,1.8541) (4.03499,-24.035,1.8541)
(3.67423,-23.6742,3) (4.03499,-24.035,1.8541) (4.80062,-21.9885,3)
(4.80062,-21.9885,3) (4.03499,-24.035,1.8541) (5.27197,-22.1837,1.8541)
(4.80062,-21.9885,3) (5.27197,-22.1837,1.8541) (5.19615,-20,3)
(5.19615,-20,3) (5.27197,-22.1837,1.8541) (5.70634,-20,1.8541)
(5.70634,-20,1.8541) (5.96713,-20,0.627171) (5.27197,-17.8163,1.8541)
(5.27197,-17.8163,1.8541) (5.96713,-20,0.627171) (5.51291,-17.7165,0.627171)
(5.27197,-17.8163,1.8541) (5.51291,-17.7165,0.627171) (4.03499,-15.965,1.8541)
(4.03499,-15.965,1.8541) (5.51291,-17.7165,0.627171) (4.2194,-15.7806,0.627171)
(4.03499,-15.965,1.8541) (4.2194,-15.7806,0.627171) (2.18372,-14.728,1.8541)
(2.18372,-14.728,1.8541) (4.2194,-15.7806,0.627171) (2.28352,-14.4871,0.627171)
(2.18372,-14.728,1.8541) (2.28352,-14.4871,0.627171) (3.49401e-16,-14.2937,1.8541)
(3.49401e-16,-14.2937,1.8541) (2.28352,-14.4871,0.627171) (3.65369e-16,-14.0329,0.627171)
(3.49401e-16,-14.2937,1.8541) (3.65369e-16,-14.0329,0.627171) (-2.18372,-14.728,1.8541)
(-2.18372,-14.728,1.8541) (3.65369e-16,-14.0329,0.627171) (-2.28352,-14.4871,0.627171)
(-2.18372,-14.728,1.8541) (-2.28352,-14.4871,0.627171) (-4.03499,-15.965,1.8541)
(-4.03499,-15.965,1.8541) (-2.28352,-14.4871,0.627171) (-4.2194,-15.7806,0.627171)
(-4.03499,-15.965,1.8541) (-4.2194,-15.7806,0.627171) (-5.27197,-17.8163,1.8541)
(-5.27197,-17.8163,1.8541) (-4.2194,-15.7806,0.627171) (-5.51291,-17.7165,0.627171)
(-5.27197,-17.8163,1.8541) (-5.51291,-17.7165,0.627171) (-5.70634,-20,1.8541)
(-5.70634,-20,1.8541) (-5.51291,-17.7165,0.627171) (-5.96713,-20,0.627171)
(-5.70634,-20,1.8541) (-5.96713,-20,0.627171) (-5.27197,-22.1837,1.8541)
(-5.27197,-22.1837,1.8541) (-5.96713,-20,0.627171) (-5.51291,-22.2835,0.627171)
(-5.27197,-22.1837,1.8541) (-5.51291,-22.2835,0.627171) (-4.03499,-24.035,1.8541)
(-4.03499,-24.035,1.8541) (-5.51291,-22.2835,0.627171) (-4.2194,-24.2194,0.627171)
(-4.03499,-24.035,1.8541) (-4.2194,-24.2194,0.627171) (-2.18372,-25.272,1.8541)
(-2.18372,-25.272,1.8541) (-4.2194,-24.2194,0.627171) (-2.28352,-25.5129,0.627171)
(-2.18372,-25.272,1.8541) (-2.28352,-25.5129,0.627171) (-1.0482e-15,-25.7063,1.8541)
(-1.0482e-15,-25.7063,1.8541) (-2.28352,-25.5129,0.627171) (-1.09611e-15,-25.9671,0.627171)
(-1.0482e-15,-25.7063,1.8541) (-1.09611e-15,-25.9671,0.627171) (2.18372,-25.272,1.8541)
(2.18372,-25.272,1.8541) (-1.09611e-15,-25.9671,0.627171) (2.28352,-25.5129,0.627171)
(2.18372,-25.272,1.8541) (2.28352,-25.5129,0.627171) (4.03499,-24.035,1.8541)
(4.03499,-24.035,1.8541) (2.28352,-25.5129,0.627171) (4.2194,-24.2194,0.627171)
(4.03499,-24.035,1.8541) (4.2194,-24.2194,0.627171) (5.27197,-22.1837,1.8541)
(5.27197,-22.1837,1.8541) (4.2194,-24.2194,0.627171) (5.51291,-22.2835,0.627171)
(5.27197,-22.1837,1.8541) (5.51291,-22.2835,0.627171) (5.70634,-20,1.8541)
(5.70634,-20,1.8541) (5.51291,-22.2835,0.627171) (5.96713,-20,0.627171)
(5.96713,-20,0.627171) (5.96713,-20,-0.627171) (5.51291,-17.7165,0.627171)
(5.51291,-17.7165,0.627171) (5.96713,-20,-0.627171) (5.51291,-17.7165,-0.627171)
(5.51291,-17.7165,0.627171) (5.51291,-17.7165,-0.627171) (4.2194,-15.7806,0.627171)
(4.2194,-15.7806,0.627171) (5.51291,-17.7165,-0.627171) (4.2194,-15.7806,-0.627171)
(4.2194,-15.7806,0.627171) (4.2194,-15.7806,-0.627171) (2.28352,-14.4871,0.627171)
(2.28352,-14.4871,0.627171) (4.2194,-15.7806,-0.627171) (2.28352,-14.4871,-0.627171)
(2.28352,-14.4871,0.627171) (2.28352,-14.4871,-0.627171) (3.65369e-16,-14.0329,0.627171)
(3.65369e-16,-14.0329,0.627171) (2.28352,-14.4871,-0.627171) (3.65369e-16,-14.0329,-0.627171)
(3.65369e-16,-14.0329,0.627171) (3.65369e-16,-14.0329,-0.627171) (-2.28352,-14.4871,0.627171)
(-2.28352,-14.4871,0.627171) (3.65369e-16,-14.0329,-0.627171) (-2.28352,-14.4871,-0.627171)
(-2.28352,-14.4871,0.627171) (-2.28352,-14.4871,-0.627171) (-4.2194,-15.7806,0.627171)
(-4.2194,-15.7806,0.627171) (-2.28352,-14.4871,-0.627171) (-4.2194,-15.7806,-0.627171)
(-4.2194,-15.7806,0.627171) (-4.2194,-15.7806,-0.627171) (-5.51291,-17.7165,0.627171)
(-5.51291,-17.7165,0.627171) (-4.2194,-15.7806,-0.627171) (-5.51291,-17.7165,-0.627171)
(-5.51291,-17.7165,0.627171) (-5.51291,-17.7165,-0.627171) (-5.96713,-20,0.627171)
(-5.96713,-20,0.627171) (-5.51291,-17.7165,-0.627171) (-5.96713,-20,-0.627171)
(-5.96713,-20,0.627171) (-5.96713,-20,-0.627171) (-5.51291,-22.2835,0.627171)
(-5.51291,-22.2835,0.627171) (-5.96713,-20,-0.627171) (-5.51291,-22.2835,-0.627171)
(-5.51291,-22.2835,0.627171) (-5.51291,-22.2835,-0.627171) (-4.2194,-24.2194,0.627171)
(-4.2194,-24.2194,0.627171) (-5.51291,-22.2835,-0.627171) (-4.2194,-24.2194,-0.627171)
(-4.2194,-24.2194,0.627171) (-4.2194,-24.2194,-0.627171) (-2.28352,-25.5129,0.627171)
(-2.28352,-25.5129,0.627171) (-4.2194,-24.2194,-0.627171) (-2.28352,-25.5129,-0.627171)
(-2.28352,-25.5129,0.627171) (-2.28352,-25.5129,-0.627171) (-1.09611e-15,-25.9671,0.627171)
(-1.09611e-15,-25.9671,0.627171) (-2.28352,-25.5129,-0.627171) (-1.09611e-15,-25.9671,-0.627171)
(-1.09611e-15,-25.9671,0.627171) (-1.09611e-15,-25.9671,-0.627171) (2.28352,-25.5129,0.627171)
(2.28352,-25.5129,0.627171) (-1.09611e-15,-25.9671,-0.627171) (2.28352,-25.5129,-0.627171)
(2.28352,-25.5129,0.627171) (2.28352,-25.5129,-0.627171) (4.2194,-24.2194,0.627171)
(4.2194,-24.2194,0.627171) (2.28352,-25.5129,-0.627171) (4.2194,-24.2194,-0.627171)
(4.2194,-24.2194,0.627171) (4.2194,-24.2194,-0.627171) (5.51291,-22.2835,0.627171)
(5.51291,-22.2835,0.627171) (4.2194,-24.2194,-0.627171) (5.51291,-22.2835,-0.627171)
(5.51291,-22.2835,0.627171) (5.51291,-22.2835,-0.627171) (5.96713,-20,0.627171)
(5.96713,-20,0.627171) (5.51291,-22.2835,-0.627171) (5.96713,-20,-0.627171)
(5.96713,-20,-0.627171) (5.70634,-20,-1.8541) (5.51291,-17.7165,-0.627171)
(5.51291,-17.7165,-0.627171) (5.70634,-20,-1.8541) (5.27197,-17.8163,-1.8541)
(5.51291,-17.7165,-0.627171) (5.27197,-17.8163,-1.8541) (4.2194,-15.7806,-0.627171)
(4.2194,-15.7806,-0.627171) (5.27197,-17.8163,-1.8541) (4.03499,-15.965,-1.8541)
(4.2194,-15.7806,-0.627171) (4.03499,-15.965,-1.8541) (2.28352,-14.4871,-0.627171)
(2.28352,-14.4871,-0.627171) (4.03499,-15.965,-1.8541) (2.18372,-14.728,-1.8541)
(2.28352,-14.4871,-0.627171) (2.18372,-14.728,-1.8541) (3.65369e-16,-14.0329,-0.627171)
(3.65369e-16,-14.0329,-0.627171) (2.18372,-14.728,-1.8541) (3.49401e-16,-14.2937,-1.8541)
(3.65369e-16,-14.0329,-0.627171) (3.49401e-16,-14.2937,-1.8541) (-2.28352,-14.4871,-0.627171)
(-2.28352,-14.4871,-0.627171) (3.49401e-16,-14.2937,-1.8541) (-2.18372,-14.728,-1.8541)
(-2.28352,-14.4871,-0.627171) (-2.18372,-14.728,-1.8541) (-4.2194,-15.7806,-0.627171)
(-4.2194,-15.7806,-0.627171) (-2.18372,-14.728,-1.8541) (-4.03499,-15.965,-1.8541)
(-4.2194,-15.7806,-0.627171) (-4.03499,-15.965,-1.8541) (-5.51291,-17.7165,-0.627171)
(-5.51291,-17.7165,-0.627171) (-4.03499,-15.965,-1.8541) (-5.27197,-17.8163,-1.8541)
(-5.51291,-17.7165,-0.627171) (-5.27197,-17.8163,-1.8541) (-5.96713,-20,-0.627171)
(-5.96713,-20,-0.627171) (-5.27197,-17.8163,-1.8541) (-5.70634,-20,-1.8541)
(-5.96713,-20,-0.627171) (-5.70634,-20,-1.8541) (-5.51291,-22.2835,-0.627171)
(-5.51291,-22.2835,-0.627171) (-5.70634,-20,-1.8541) (-5.27197,-22.1837,-1.8541)
(-5.51291,-22.2835,-0.627171) (-5.27197,-22.1837,-1.8541) (-4.2194,-24.2194,-0.627171)
(-4.2194,-24.2194,-0.627171) (-5.27197,-22.1837,-1.8541) (-4.03499,-24.035,-1.8541)
(-4.2194,-24.2194,-0.627171) (-4.03499,-24.035,-1.8541) (-2.28352,-25.5129,-0.627171)
(-2.28352,-25.5129,-0.627171) (-4.03499,-24.035,-1.8541) (-2.18372,-25.272,-1.8541)
(-2.28352,-25.5129,-0.627171) (-2.18372,-25.272,-1.8541) (-1.09611e-15,-25.9671,-0.627171)
(-1.09611e-15,-25.9671,-0.627171) (-2.18372,-25.272,-1.8541) (-1.0482e-15,-25.7063,-1.8541)
(-1.09611e-15,-25.9671,-0.627171) (-1.0482e-15,-25.7063,-1.8541) (2.28352,-25.5129,-0.627171)
(2.28352,-25.5129,-0.627171) (-1.0482e-15,-25.7063,-1.8541) (2.18372,-25.272,-1.8541)
(2.28352,-25.5129,-0.627171) (2.18372,-25.272,-1.8541) (4.2194,-24.2194,-0.627171)
(4.2194,-24.2194,-0.627171) (2.18372,-25.272,-1.8541) (4.03499,-24.035,-1.8541)
(4.2194,-24.2194,-0.627171) (4.03499,-24.035,-1.8541) (5.51291,-22.2835,-0.627171)
(5.51291,-22.2835,-0.627171) (4.03499,-24.035,-1.8541) (5.27197,-22.1837,-1.8541)
(5.51291,-22.2835,-0.627171) (5.27197,-22.1837,-1.8541) (5.96713,-20,-0.627171)
(5.96713,-20,-0.627171) (5.27197,-22.1837,-1.8541) (5.70634,-20,-1.8541)
(5.70634,-20,-1.8541) (5.19615,-20,-3) (5.27197,-17.8163,-1.8541)
(5.27197,-17.8163,-1.8541) (5.19615,-20,-3) (4.80062,-18.0115,-3)
(5.27197,-17.8163,-1.8541) (4.80062,-18.0115,-3) (4.03499,-15.965,-1.8541)
(4.03499,-15.965,-1.8541) (4.80062,-18.0115,-3) (3.67423,-16.3258,-3)
(4.03499,-15.965,-1.8541) (3.67423,-16.3258,-3) (2.18372,-14.728,-1.8541)
(2.18372,-14.728,-1.8541) (3.67423,-16.3258,-3) (1.98848,-15.1994,-3)
(2.18372,-14.728,-1.8541) (1.98848,-15.1994,-3) (3.49401e-16,-14.2937,-1.8541)
(3.49401e-16,-14.2937,-1.8541) (1.98848,-15.1994,-3) (3.18162e-16,-14.8038,-3)
(3.49401e-16,-14.2937,-1.8541) (3.18162e-16,-14.8038,-3) (-2.18372,-14.728,-1.8541)
(-2.18372,-14.728,-1.8541) (3.18162e-16,-14.8038,-3) (-1.98848,-15.1994,-3)
(-2.18372,-14.728,-1.8541) (-1.98848,-15.1994,-3) (-4.03499,-15.965,-1.8541)
(-4.03499,-15.965,-1.8541) (-1.98848,-15.1994,-3) (-3.67423,-16.3258,-3)
(-4.03499,-15.965,-1.8541) (-3.67423,-16.3258,-3) (-5.27197,-17.8163,-1.8541)
(-5.27197,-17.8163,-1.8541) (-3.67423,-16.3258,-3) (-4.80062,-18.0115,-3)
(-5.27197,-17.8163,-1.8541) (-4.80062,-18.0115,-3) (-5.70634,-20,-1.8541)
(-5.70634,-20,-1.8541) (-4.80062,-18.0115,-3) (-5.19615,-20,-3)
(-5.70634,-20,-1.8541) (-5.19615,-20,-3) (-5.27197,-22.1837,-1.8541)
(-5.27197,-22.1837,-1.8541) (-5.19615,-20,-3) (-4.80062,-21.9885,-3)
(-5.27197,-22.1837,-1.8541) (-4.80062,-21.9885,-3) (-4.03499,-24.035,-1.8541)
(-4.03499,-24.035,-1.8541) (-4.80062,-21.9885,-3) (-3.67423,-23.6742,-3)
(-4.03499,-24.035,-1.8541) (-3.67423,-23.6742,-3) (-2.18372,-25.272,-1.8541)
(-2.18372,-25.272,-1.8541) (-3.67423,-23.6742,-3) (-1.98848,-24.8006,-3)
(-2.18372,-25.272,-1.8541) (-1.98848,-24.8006,-3) (-1.0482e-15,-25.7063,-1.8541)
(-1.0482e-15,-25.7063,-1.8541) (-1.98848,-24.8006,-3) (-9.54486e-16,-25.1962,-3)
(-1.0482e-15,-25.7063,-1.8541) (-9.54486e-16,-25.1962,-3) (2.18372,-25.272,-1.8541)
(2.18372,-25.272,-1.8541) (-9.54486e-16,-25.1962,-3) (1.98848,-24.8006,-3)
(2.18372,-25.272,-1.8541) (1.98848,-24.8006,-3) (4.03499,-24.035,-1.8541)
(4.03499,-24.035,-1.8541) (1.98848,-24.8006,-3) (3.67423,-23.6742,-3)
(4.03499,-24.035,-1.8541) (3.67423,-23.6742,-3) (5.27197,-22.1837,-1.8541)
(5.27197,-22.1837,-1.8541) (3.67423,-23.6742,-3) (4.80062,-21.9885,-3)
(5.27197,-22.1837,-1.8541) (4.80062,-21.9885,-3) (5.70634,-20,-1.8541)
(5.70634,-20,-1.8541) (4.80062,-21.9885,-3) (5.19615,-20,-3)
(5.19615,-20,-3) (4.45887,-20,-4.01478) (4.80062,-18.0115,-3)
(4.80062,-18.0115,-3) (4.45887,-20,-4.01478) (4.11946,-18.2937,-4.01478)
(4.80062,-18.0115,-3) (4.11946,-18.2937,-4.01478) (3.67423,-16.3258,-3)
(3.67423,-16.3258,-3) (4.11946,-18.2937,-4.01478) (3.1529,-16.8471,-4.01478)
(3.67423,-16.3258,-3) (3.1529,-16.8471,-4.01478) (1.98848,-15.1994,-3)
(1.98848,-15.1994,-3) (3.1529,-16.8471,-4.01478) (1.70634,-15.8805,-4.01478)
(1.98848,-15.1994,-3) (1.70634,-15.8805,-4.01478) (3.18162e-16,-14.8038,-3)
(3.18162e-16,-14.8038,-3) (1.70634,-15.8805,-4.01478) (2.73018e-16,-15.5411,-4.01478)
(3.18162e-16,-14.8038,-3) (2.73018e-16,-15.5411,-4.01478) (-1.98848,-15.1994,-3)
(-1.98848,-15.1994,-3) (2.73018e-16,-15.5411,-4.01478) (-1.70634,-15.8805,-4.01478)
(-1.98848,-15.1994,-3) (-1.70634,-15.8805,-4.01478) (-3.67423,-16.3258,-3)
(-3.67423,-16.3258,-3) (-1.70634,-15.8805,-4.01478) (-3.1529,-16.8471,-4.01478)
(-3.67423,-16.3258,-3) (-3.1529,-16.8471,-4.01478) (-4.80062,-18.0115,-3)
(-4.80062,-18.0115,-3) (-3.1529,-16.8471,-4.01478) (-4.11946,-18.2937,-4.01478)
(-4.80062,-18.0115,-3) (-4.11946,-18.2937,-4.01478) (-5.19615,-20,-3)
(-5.19615,-20,-3) (-4.11946,-18.2937,-4.01478) (-4.45887,-20,-4.01478)
(-5.19615,-20,-3) (-4.45887,-20,-4.01478) (-4.80062,-21.9885,-3)
(-4.80062,-21.9885,-3) (-4.45887,-20,-4.01478) (-4.11946,-21.7063,-4.01478)
(-4.80062,-21.9885,-3) (-4.11946,-21.7063,-4.01478) (-3.67423,-23.6742,-3)
(-3.67423,-23.6742,-3) (-4.11946,-21.7063,-4.01478) (-3.1529,-23.1529,-4.01478)
(-3.67423,-23.6742,-3) (-3.1529,-23.1529,-4.01478) (-1.98848,-24.8006,-3)
(-1.98848,-24.8006,-3) (-3.1529,-23.1529,-4.01478) (-1.70634,-24.1195,-4.01478)
(-1.98848,-24.8006,-3) (-1.70634,-24.1195,-4.01478) (-9.54486e-16,-25.1962,-3)
(-9.54486e-16,-25.1962,-3) (-1.70634,-24.1195,-4.01478) (-8.19054e-16,-24.4589,-4.01478)
(-9.54486e-16,-25.1962,-3) (-8.19054e-16,-24.4589,-4.01478) (1.98848,-24.8006,-3)
(1.98848,-24.8006,-3) (-8.19054e-16,-24.4589,-4.01478) (1.70634,-24.1195,-4.01478)
(1.98848,-24.8006,-3) (1.70634,-24.1195,-4.01478) (3.67423,-23.6742,-3)
(3.67423,-23.6742,-3) (1.70634,-24.1195,-4.01478) (3.1529,-23.1529,-4.01478)
(3.67423,-23.6742,-3) (3.1529,-23.1529,-4.01478) (4.80062,-21.9885,-3)
(4.80062,-21.9885,-3) (3.1529,-23.1529,-4.01478) (4.11946,-21.7063,-4.01478)
(4.80062,-21.9885,-3) (4.11946,-21.7063,-4.01478) (5.19615,-20,-3)
(5.19615,-20,-3) (4.11946,-21.7063,-4.01478) (4.45887,-20,-4.01478)
(4.45887,-20,-4.01478) (3.52671,-20,-4.8541) (4.11946,-18.2937,-4.01478)
(4.11946,-18.2937,-4.01478) (3.52671,-20,-4.8541) (3.25826,-18.6504,-4.8541)
(4.11946,-18.2937,-4.01478) (3.25826,-18.6504,-4.8541) (3.1529,-16.8471,-4.01478)
(3.1529,-16.8471,-4.01478) (3.25826,-18.6504,-4.8541) (2.49376,-17.5062,-4.8541)
(3.1529,-16.8471,-4.01478) (2.49376,-17.5062,-4.8541) (1.70634,-15.8805,-4.01478)
(1.70634,-15.8805,-4.01478) (2.49376,-17.5062,-4.8541) (1.34961,-16.7417,-4.8541)
(1.70634,-15.8805,-4.01478) (1.34961,-16.7417,-4.8541) (2.73018e-16,-15.5411,-4.01478)
(2.73018e-16,-15.5411,-4.01478) (1.34961,-16.7417,-4.8541) (2.15942e-16,-16.4733,-4.8541)
(2.73018e-16,-15.5411,-4.01478) (2.15942e-16,-16.4733,-4.8541) (-1.70634,-15.8805,-4.01478)
(-1.70634,-15.8805,-4.01478) (2.15942e-16,-16.4733,-4.8541) (-1.34961,-16.7417,-4.8541)
(-1.70634,-15.8805,-4.01478) (-1.34961,-16.7417,-4.8541) (-3.1529,-16.8471,-4.01478)
(-3.1529,-16.8471,-4.01478) (-1.34961,-16.7417,-4.8541) (-2.49376,-17.5062,-4.8541)
(-3.1529,-16.8471,-4.01478) (-2.49376,-17.5062,-4.8541) (-4.11946,-18.2937,-4.01478)
(-4.11946,-18.2937,-4.01478) (-2.49376,-17.5062,-4.8541) (-3.25826,-18.6504,-4.8541)
(-4.11946,-18.2937,-4.01478) (-3.25826,-18.6504,-4.8541) (-4.45887,-20,-4.01478)
(-4.45887,-20,-4.01478) (-3.25826,-18.6504,-4.8541) (-3.52671,-20,-4.8541)
(-4.45887,-20,-4.01478) (-3.52671,-20,-4.8541) (-4.11946,-21.7063,-4.01478)
(-4.11946,-21.7063,-4.01478) (-3.52671,-20,-4.8541) (-3.25826,-21.3496,-4.8541)
(-4.11946,-21.7063,-4.01478) (-3.25826,-21.3496,-4.8541) (-3.1529,-23.1529,-4.01478)
(-3.1529,-23.1529,-4.01478) (-3.25826,-21.3496,-4.8541) (-2.49376,-22.4938,-4.8541)
(-3.1529,-23.1529,-4.01478) (-2.49376,-22.4938,-4.8541) (-1.70634,-24.1195,-4.01478)
(-1.70634,-24.1195,-4.01478) (-2.49376,-22.4938,-4.8541) (-1.34961,-23.2583,-4.8541)
(-1.70634,-24.1195,-4.01478) (-1.34961,-23.2583,-4.8541) (-8.19054e-16,-24.4589,-4.01478)
(-8.19054e-16,-24.4589,-4.01478) (-1.34961,-23.2583,-4.8541) (-6.47825e-16,-23.5267,-4.8541)
(-8.19054e-16,-24.4589,-4.01478) (-6.47825e-16,-23.5267,-4.8541) (1.70634,-24.1195,-4.01478)
(1.70634,-24.1195,-4.01478) (-6.47825e-16,-23.5267,-4.8541) (1.34961,-23.2583,-4.8541)
(1.70634,-24.1195,-4.01478) (1.34961,-23.2583,-4.8541) (3.1529,-23.1529,-4.01478)
(3.1529,-23.1529,-4.01478) (1.34961,-23.2583,-4.8541) (2.49376,-22.4938,-4.8541)
(3.1529,-23.1529,-4.01478) (2.49376,-22.4938,-4.8541) (4.11946,-21.7063,-4.01478)
(4.11946,-21.7063,-4.01478) (2.49376,-22.4938,-4.8541) (3.25826,-21.3496,-4.8541)
(4.11946,-21.7063,-4.01478) (3.25826,-21.3496,-4.8541) (4.45887,-20,-4.01478)
(4.45887,-20,-4.01478) (3.25826,-21.3496,-4.8541) (3.52671,-20,-4.8541)
(3.52671,-20,-4.8541) (2.44042,-20,-5.48127) (3.25826,-18.6504,-4.8541)
(3.25826,-18.6504,-4.8541) (2.44042,-20,-5.48127) (2.25465,-19.0661,-5.48127)
(3.25826,-18.6504,-4.8541) (2.25465,-19.0661,-5.48127) (2.49376,-17.5062,-4.8541)
(2.49376,-17.5062,-4.8541) (2.25465,-19.0661,-5.48127) (1.72564,-18.2744,-5.48127)
(2.49376,-17.5062,-4.8541) (1.72564,-18.2744,-5.48127) (1.34961,-16.7417,-4.8541)
(1.34961,-16.7417,-4.8541) (1.72564,-18.2744,-5.48127) (0.933908,-17.7453,-5.48127)
(1.34961,-16.7417,-4.8541) (0.933908,-17.7453,-5.48127) (2.15942e-16,-16.4733,-4.8541)
(2.15942e-16,-16.4733,-4.8541) (0.933908,-17.7453,-5.48127) (1.49428e-16,-17.5596,-5.48127)
(2.15942e-16,-16.4733,-4.8541) (1.49428e-16,-17.5596,-5.48127) (-1.34961,-16.7417,-4.8541)
(-1.34961,-16.7417,-4.8541) (1.49428e-16,-17.5596,-5.48127) (-0.933908,-17.7453,-5.48127)
(-1.34961,-16.7417,-4.8541) (-0.933908,-17.7453,-5.48127) (-2.49376,-17.5062,-4.8541)
(-2.49376,-17.5062,-4.8541) (-0.933908,-17.7453,-5.48127) (-1.72564,-18.2744,-5.48127)
(-2.49376,-17.5062,-4.8541) (-1.72564,-18.2744,-5.48127) (-3.25826,-18.6504,-4.8541)
(-3.25826,-18.6504,-4.8541) (-1.72564,-18.2744,-5.48127) (-2.25465,-19.0661,-5.48127)
(-3.25826,-18.6504,-4.8541) (-2.25465,-19.0661,-5.48127) (-3.52671,-20,-4.8541)
(-3.52671,-20,-4.8541) (-2.25465,-19.0661,-5.48127) (-2.44042,-20,-5.48127)
(-3.52671,-20,-4.8541) (-2.44042,-20,-5.48127) (-3.25826,-21.3496,-4.8541)
(-3.25826,-21.3496,-4.8541) (-2.44042,-20,-5.48127) (-2.25465,-20.9339,-5.48127)
(-3.25826,-21.3496,-4.8541) (-2.25465,-20.9339,-5.48127) (-2.49376,-22.4938,-4.8541)
(-2.49376,-22.4938,-4.8541) (-2.25465,-20.9339,-5.48127) (-1.72564,-21.7256,-5.48127)
(-2.49376,-22.4938,-4.8541) (-1.72564,-21.7256,-5.48127) (-1.34961,-23.2583,-4.8541)
(-1.34961,-23.2583,-4.8541) (-1.72564,-21.7256,-5.48127) (-0.933908,-22.2547,-5.48127)
(-1.34961,-23.2583,-4.8541) (-0.933908,-22.2547,-5.48127) (-6.47825e-16,-23.5267,-4.8541)
(-6.47825e-16,-23.5267,-4.8541) (-0.933908,-22.2547,-5.48127) (-4.48283e-16,-22.4404,-5.48127)
(-6.47825e-16,-23.5267,-4.8541) (-4.48283e-16,-22.4404,-5.48127) (1.34961,-23.2583,-4.8541)
(1.34961,-23.2583,-4.8541) (-4.48283e-16,-22.4404,-5.48127) (0.933908,-22.2547,-5.48127)
(1.34961,-23.2583,-4.8541) (0.933908,-22.2547,-5.48127) (2.49376,-22.4938,-4.8541)
(2.49376,-22.4938,-4.8541) (0.933908,-22.2547,-5.48127) (1.72564,-21.7256,-5.48127)
(2.49376,-22.4938,-4.8541) (1.72564,-21.7256,-5.48127) (3.25826,-21.3496,-4.8541)
(3.25826,-21.3496,-4.8541) (1.72564,-21.7256,-5.48127) (2.25465,-20.9339,-5.48127)
(3.25826,-21.3496,-4.8541) (2.25465,-20.9339,-5.48127) (3.52671,-20,-4.8541)
(3.52671,-20,-4.8541) (2.25465,-20.9339,-5.48127) (2.44042,-20,-5.48127)
(2.44042,-20,-5.48127) (1.24747,-20,-5.86889) (2.25465,-19.0661,-5.48127)
(2.25465,-19.0661,-5.48127) (1.24747,-20,-5.86889) (1.15251,-19.5226,-5.86889)
(2.25465,-19.0661,-5.48127) (1.15251,-19.5226,-5.86889) (1.72564,-18.2744,-5.48127)
(1.72564,-18.2744,-5.48127) (1.15251,-19.5226,-5.86889) (0.882095,-19.1179,-5.86889)
(1.72564,-18.2744,-5.48127) (0.882095,-19.1179,-5.86889) (0.933908,-17.7453,-5.48127)
(0.933908,-17.7453,-5.48127) (0.882095,-19.1179,-5.86889) (0.477386,-18.8475,-5.86889)
(0.933908,-17.7453,-5.48127) (0.477386,-18.8475,-5.86889) (1.49428e-16,-17.5596,-5.48127)
(1.49428e-16,-17.5596,-5.48127) (0.477386,-18.8475,-5.86889) (7.6383e-17,-18.7525,-5.86889)
(1.49428e-16,-17.5596,-5.48127) (7.6383e-17,-18.7525,-5.86889) (-0.933908,-17.7453,-5.48127)
(-0.933908,-17.7453,-5.48127) (7.6383e-17,-18.7525,-5.86889) (-0.477386,-18.8475,-5.86889)
(-0.933908,-17.7453,-5.48127) (-0.477386,-18.8475,-5.86889) (-1.72564,-18.2744,-5.48127)
(-1.72564,-18.2744,-5.48127) (-0.477386,-18.8475,-5.86889) (-0.882095,-19.1179,-5.86889)
(-1.72564,-18.2744,-5.48127) (-0.882095,-19.1179,-5.86889) (-2.25465,-19.0661,-5.48127)
(-2.25465,-19.0661,-5.48127) (-0.882095,-19.1179,-5.86889) (-1.15251,-19.5226,-5.86889)
(-2.25465,-19.0661,-5.48127) (-1.15251,-19.5226,-5.86889) (-2.44042,-20,-5.48127)
(-2.44042,-20,-5.48127) (-1.15251,-19.5226,-5.86889) (-1.24747,-20,-5.86889)
(-2.44042,-20,-5.48127) (-1.24747,-20,-5.86889) (-2.25465,-20.9339,-5.48127)
(-2.25465,-20.9339,-5.48127) (-1.24747,-20,-5.86889) (-1.15251,-20.4774,-5.86889)
(-2.25465,-20.9339,-5.48127) (-1.15251,-20.4774,-5.86889) (-1.72564,-21.7256,-5.48127)
(-1.72564,-21.7256,-5.48127) (-1.15251,-20.4774,-5.86889) (-0.882095,-20.8821,-5.86889)
(-1.72564,-21.7256,-5.48127) (-0.882095,-20.8821,-5.86889) (-0.933908,-22.2547,-5.48127)
(-0.933908,-22.2547,-5.48127) (-0.882095,-20.8821,-5.86889) (-0.477386,-21.1525,-5.86889)
(-0.933908,-22.2547,-5.48127) (-0.477386,-21.1525,-5.86889) (-4.48283e-16,-22.4404,-5.48127)
(-4.48283e-16,-22.4404,-5.48127) (-0.477386,-21.1525,-5.86889) (-2.29149e-16,-21.2475,-5.86889)
(-4.48283e-16,-22.4404,-5.48127) (-2.29149e-16,-21.2475,-5.86889) (0.933908,-22.2547,-5.48127)
(0.933908,-22.2547,-5.48127) (-2.29149e-16,-21.2475,-5.86889) (0.477386,-21.1525,-5.86889)
(0.933908,-22.2547,-5.48127) (0.477386,-21.1525,-5.86889) (1.72564,-21.7256,-5.48127)
(1.72564,-21.7256,-5.48127) (0.477386,-21.1525,-5.86889) (0.882095,-20.8821,-5.86889)
(1.72564,-21.7256,-5.48127) (0.882095,-20.8821,-5.86889) (2.25465,-20.9339,-5.48127)
(2.25465,-20.9339,-5.48127) (0.882095,-20.8821,-5.86889) (1.15251,-20.4774,-5.86889)
(2.25465,-20.9339,-5.48127) (1.15251,-20.4774,-5.86889) (2.44042,-20,-5.48127)
(2.44042,-20,-5.48127) (1.15251,-20.4774,-5.86889) (1.24747,-20,-5.86889)
(1.24747,-20,-5.86889) (3.3993e-15,-20,-6) (1.15251,-19.5226,-5.86889)
(1.15251,-19.5226,-5.86889) (3.3993e-15,-20,-6) (3.14054e-15,-20,-6)
(1.15251,-19.5226,-5.86889) (3.14054e-15,-20,-6) (0.882095,-19.1179,-5.86889)
(0.882095,-19.1179,-5.86889) (3.14054e-15,-20,-6) (2.40367e-15,-20,-6)
(0.882095,-19.1179,-5.86889) (2.40367e-15,-20,-6) (0.477386,-18.8475,-5.86889)
(0.477386,-18.8475,-5.86889) (2.40367e-15,-20,-6) (1.30086e-15,-20,-6)
(0.477386,-18.8475,-5.86889) (1.30086e-15,-20,-6) (7.6383e-17,-18.7525,-5.86889)
(7.6383e-17,-18.7525,-5.86889) (1.30086e-15,-20,-6) (2.0814e-31,-20,-6)
(7.6383e-17,-18.7525,-5.86889) (2.0814e-31,-20,-6) (-0.477386,-18.8475,-5.86889)
(-0.477386,-18.8475,-5.86889) (2.0814e-31,-20,-6) (-1.30086e-15,-20,-6)
(-0.477386,-18.8475,-5.86889) (-1.30086e-15,-20,-6) (-0.882095,-19.1179,-5.86889)
(-0.882095,-19.1179,-5.86889) (-1.30086e-15,-20,-6) (-2.40367e-15,-20,-6)
(-0.882095,-19.1179,-5.86889) (-2.40367e-15,-20,-6) (-1.15251,-19.5226,-5.86889)
(-1.15251,-19.5226,-5.86889) (-2.40367e-15,-20,-6) (-3.14054e-15,-20,-6)
(-1.15251,-19.5226,-5.86889) (-3.14054e-15,-20,-6) (-1.24747,-20,-5.86889)
(-1.24747,-20,-5.86889) (-3.14054e-15,-20,-6) (-3.3993e-15,-20,-6)
(-1.24747,-20,-5.86889) (-3.3993e-15,-20,-6) (-1.15251,-20.4774,-5.86889)
(-1.15251,-20.4774,-5.86889) (-3.3993e-15,-20,-6) (-3.14054e-15,-20,-6)
(-1.15251,-20.4774,-5.86889) (-3.14054e-15,-20,-6) (-0.882095,-20.8821,-5.86889)
(-0.882095,-20.8821,-5.86889) (-3.14054e-15,-20,-6) (-2.40367e-15,-20,-6)
(-0.882095,-20.8821,-5.86889) (-2.40367e-15,-20,-6) (-0.477386,-21.1525,-5.86889)
(-0.477386,-21.1525,-5.86889) (-2.40367e-15,-20,-6) (-1.30086e-15,-20,-6)
(-0.477386,-21.1525,-5.86889) (-1.30086e-15,-20,-6) (-2.29149e-16,-21.2475,-5.86889)
(-2.29149e-16,-21.2475,-5.86889) (-1.30086e-15,-20,-6) (-6.2442e-31,-20,-6)
(-2.29149e-16,-21.2475,-5.86889) (-6.2442e-31,-20,-6) (0.477386,-21.1525,-5.86889)
(0.477386,-21.1525,-5.86889) (-6.2442e-31,-20,-6) (1.30086e-15,-20,-6)
(0.477386,-21.1525,-5.86889) (1.30086e-15,-20,-6) (0.882095,-20.8821,-5.86889)
(0.882095,-20.8821,-5.86889) (1.30086e-15,-20,-6) (2.40367e-15,-20,-6)
(0.882095,-20.8821,-5.86889) (2.40367e-15,-20,-6) (1.15251,-20.4774,-5.86889)
(1.15251,-20.4774,-5.86889) (2.40367e-15,-20,-6) (3.14054e-15,-20,-6)
(1.15251,-20.4774,-5.86889) (3.14054e-15,-20,-6) (1.24747,-20,-5.86889)
(1.24747,-20,-5.86889) (3.14054e-15,-20,-6) (3.3993e-15,-20,-6)
(3.3993e-15,-20,-6) (0,-20,6) (3.14054e-15,-20,-6)
(3.14054e-15,-20,-6) (0,-20,6) (0,-20,6)
(3.14054e-15,-20,-6) (0,-20,6) (2.40367e-15,-20,-6)
(2.40367e-15,-20,-6) (0,-20,6) (0,-20,6)
(2.40367e-15,-20,-6) (0,-20,6) (1.30086e-15,-20,-6)
(1.30086e-15,-20,-6) (0,-20,6) (0,-20,6)
(1.30086e-15,-20,-6) (0,-20,6) (2.0814e-31,-20,-6)
(2.0814e-31,-20,-6) (0,-20,6) (0,-20,6)
(2.0814e-31,-20,-6) (0,-20,6) (-1.30086e-15,-20,-6)
(-1.30086e-15,-20,-6) (0,-20,6) (0,-20,6)
(-1.30086e-15,-20,-6) (0,-20,6) (-2.40367e-15,-20,-6)
(-2.40367e-15,-20,-6) (0,-20,6) (0,-20,6)
(-2.40367e-15,-20,-6) (0,-20,6) (-3.14054e-15,-20,-6)
(-3.14054e-15,-20,-6) (0,-20,6) (0,-20,6)
(-3.14054e-15,-20,-6) (0,-20,6) (-3.3993e-15,-20,-6)
(-3.3993e-15,-20,-6) (0,-20,6) (0,-20,6)
(-3.3993e-15,-20,-6) (0,-20,6) (-3.14054e-15,-20,-6)
(-3.14054e-15,-20,-6) (0,-20,6) (0,-20,6)
(-3.14054e-15,-20,-6) (0,-20,6) (-2.40367e-15,-20,-6)
(-2.40367e-15,-20,-6) (0,-20,6) (0,-20,6)
(-2.40367e-15,-20,-6) (0,-20,6) (-1.30086e-15,-20,-6)
(-1.30086e-15,-20,-6) (0,-20,6) (0,-20,6)
(-1.30086e-15,-20,-6) (0,-20,6) (-6.2442e-31,-20,-6)
(-6.2442e-31,-20,-6) (0,-20,6) (0,-20,6)
(-6.2442e-31,-20,-6) (0,-20,6) (1.30086e-15,-20,-6)
(1.30086e-15,-20,-6) (0,-20,6) (0,-20,6)
(1.30086e-15,-20,-6) (0,-20,6) (2.40367e-15,-20,-6)
(2.40367e-15,-20,-6) (0,-20,6) (0,-20,6)
(2.40367e-15,-20,-6) (0,-20,6) (3.14054e-15,-20,-6)
(3.14054e-15,-20,-6) (0,-20,6) (0,-20,6)
(3.14054e-15,-20,-6) (0,-20,6) (3.3993e-15,-20,-6)
(3.3993e-15,-20,-6) (0,-20,6) (0,-20,6)


(-0.5,-20,0.5) (-0.5,-20,-0.5) (0.5,-20,-0.5) 
(0.5,-20,-0.5) (0.5,-20,0.5) (-0.5,-20,0.5) 
(0.5,-20,-0.5) (-0.5,-20,-0.5) (-0.5,20,-0.5) 
(-0.5,20,-0.5) (0.5,20,-0.5) (0.5,-20,-0.5) 
(-0.5,20,-0.5) (-0.5,-20,-0.5) (-0.5,-20,0.5) 
(-0.5,-20,0.5) (-0.5,20,0.5) (-0.5,20,-0.5) 
(0.5,20,-0.5) (0.5,20,0.5) (0.5,-20,0.5) 
(0.5,-20,0.5) (0.5,-20,-0.5) (0.5,20,-0.5) 
(-0.5,20,0.5) (0.5,-20,0.5) (0.5,20,0.5) 
(0.5,-20,0.5) (-0.5,20,0.5) (-0.5,-20,0.5) 
(0.5,20,-0.5) (-0.5,20,0.5) (0.5,20,0.5) 
(-0.5,20,0.5) (0.5,20,-0.5) (-0.5,20,-0.5)
(-20,-0.5,0.5) (-20,-0.5,-0.5) (20,-0.5,-0.5) 
(20,-0.5,-0.5) (20,-0.5,0.5) (-20,-0.5,0.5) 
(20,-0.5,-0.5) (-20,-0.5,-0.5) (-20,0.5,-0.5) 
(-20,0.5,-0.5) (20,0.5,-0.5) (20,-0.5,-0.5) 
(-20,0.5,-0.5) (-20,-0.5,-0.5) (-20,-0.5,0.5) 
(-20,-0.5,0.5) (-20,0.5,0.5) (-20,0.5,-0.5) 
(20,0.5,-0.5) (20,0.5,0.5) (20,-0.5,0.5) 
(20,-0.5,0.5) (20,-0.5,-0.5) (20,0.5,-0.5) 
(-20,0.5,0.5) (20,-0.5,0.5) (20,0.5,0.5) 
(20,-0.5,0.5) (-20,0.5,0.5) (-20,-0.5,0.5) 
(20,0.5,-0.5) (-20,0.5,0.5) (20,0.5,0.5) 
(-20,0.5,0.5) (20,0.5,-0.5) (-20,0.5,-0.5) 
(-0.5,-0.5,20) (-0.5,-0.5,-20) (0.5,-0.5,-20) 
(0.5,-0.5,-20) (0.5,-0.5,20) (-0.5,-0.5,20) 
(0.5,-0.5,-20) (-0.5,-0.5,-20) (-0.5,0.5,-20) 
(-0.5,0.5,-20) (0.5,0.5,-20) (0.5,-0.5,-20) 
(-0.5,0.5,-20) (-0.5,-0.5,-20) (-0.5,-0.5,20) 
(-0.5,-0.5,20) (-0.5,0.5,20) (-0.5,0.5,-20) 
(0.5,0.5,-20) (0.5,0.5,20) (0.5,-0.5,20) 
(0.5,-0.5,20) (0.5,-0.5,-20) (0.5,0.5,-20) 
(-0.5,0.5,20) (0.5,-0.5,20) (0.5,0.5,20) 
(0.5,-0.5,20) (-0.5,0.5,20) (-0.5,-0.5,20) 
(0.5,0.5,-20) (-0.5,0.5,20) (0.5,0.5,20) 
(-0.5,0.5,20) (0.5,0.5,-20) (-0.5,0.5,-20) 
(21,0,0) (20.5,0.866025,0) (19.4015,0,8.03635)
(11,0,0) (10.5,0.866025,0) (7.77817,0,7.77817)
(10.5,0.866025,0) (7.42462,0.866025,7.42462) (7.77817,0,7.77817)
(10.5,0.866025,0) (9.5,0.866025,0) (7.42462,0.866025,7.42462)
(9.5,0.866025,0) (6.71751,0.866025,6.71751) (7.42462,0.866025,7.42462)
(9.5,0.866025,0) (9,1.22461e-16,0) (6.71751,0.866025,6.71751)
(9,1.22461e-16,0) (6.36396,1.22461e-16,6.36396) (6.71751,0.866025,6.71751)
(9,1.22461e-16,0) (9.5,-0.866025,0) (6.36396,1.22461e-16,6.36396)
(9.5,-0.866025,0) (6.71751,-0.866025,6.71751) (6.36396,1.22461e-16,6.36396)
(9.5,-0.866025,0) (10.5,-0.866025,0) (6.71751,-0.866025,6.71751)
(10.5,-0.866025,0) (7.42462,-0.866025,7.42462) (6.71751,-0.866025,6.71751)
(10.5,-0.866025,0) (11,0,0) (7.42462,-0.866025,7.42462)
(11,0,0) (7.77817,0,7.77817) (7.42462,-0.866025,7.42462)
(7.77817,0,7.77817) (7.42462,0.866025,7.42462) (6.73533e-16,0,11)
(7.42462,0.866025,7.42462) (6.42918e-16,0.866025,10.5) (6.73533e-16,0,11)
(7.42462,0.866025,7.42462) (6.71751,0.866025,6.71751) (6.42918e-16,0.866025,10.5)
(6.71751,0.866025,6.71751) (5.81688e-16,0.866025,9.5) (6.42918e-16,0.866025,10.5)
(6.71751,0.866025,6.71751) (6.36396,1.22461e-16,6.36396) (5.81688e-16,0.866025,9.5)
(6.36396,1.22461e-16,6.36396) (5.51073e-16,1.22461e-16,9) (5.81688e-16,0.866025,9.5)
(6.36396,1.22461e-16,6.36396) (6.71751,-0.866025,6.71751) (5.51073e-16,1.22461e-16,9)
(6.71751,-0.866025,6.71751) (5.81688e-16,-0.866025,9.5) (5.51073e-16,1.22461e-16,9)
(6.71751,-0.866025,6.71751) (7.42462,-0.866025,7.42462) (5.81688e-16,-0.866025,9.5)
(7.42462,-0.866025,7.42462) (6.42918e-16,-0.866025,10.5) (5.81688e-16,-0.866025,9.5)
(7.42462,-0.866025,7.42462) (7.77817,0,7.77817) (6.42918e-16,-0.866025,10.5)
(7.77817,0,7.77817) (6.73533e-16,0,11) (6.42918e-16,-0.866025,10.5)
(6.73533e-16,0,11) (6.42918e-16,0.866025,10.5) (-7.77817,0,7.77817)
(6.42918e-16,0.866025,10.5) (-7.42462,0.866025,7.42462) (-7.77817,0,7.77817)
(6.42918e-16,0.866025,10.5) (5.81688e-16,0.866025,9.5) (-7.42462,0.866025,7.42462)
(5.81688e-16,0.866025,9.5) (-6.71751,0.866025,6.71751) (-7.42462,0.866025,7.42462)
(5.81688e-16,0.866025,9.5) (5.51073e-16,1.22461e-16,9) (-6.71751,0.866025,6.71751)
(5.51073e-16,1.22461e-16,9) (-6.36396,1.22461e-16,6.36396) (-6.71751,0.866025,6.71751)
(5.51073e-16,1.22461e-16,9) (5.81688e-16,-0.866025,9.5) (-6.36396,1.22461e-16,6.36396)
(5.81688e-16,-0.866025,9.5) (-6.71751,-0.866025,6.71751) (-6.36396,1.22461e-16,6.36396)
(5.81688e-16,-0.866025,9.5) (6.42918e-16,-0.866025,10.5) (-6.71751,-0.866025,6.71751)
(6.42918e-16,-0.866025,10.5) (-7.42462,-0.866025,7.42462) (-6.71751,-0.866025,6.71751)
(6.42918e-16,-0.866025,10.5) (6.73533e-16,0,11) (-7.42462,-0.866025,7.42462)
(6.73533e-16,0,11) (-7.77817,0,7.77817) (-7.42462,-0.866025,7.42462)
(-7.77817,0,7.77817) (-7.42462,0.866025,7.42462) (-11,0,1.34707e-15)
(-7.42462,0.866025,7.42462) (-10.5,0.866025,1.28584e-15) (-11,0,1.34707e-15)
(-7.42462,0.866025,7.42462) (-6.71751,0.866025,6.71751) (-10.5,0.866025,1.28584e-15)
(-6.71751,0.866025,6.71751) (-9.5,0.866025,1.16338e-15) (-10.5,0.866025,1.28584e-15)
(-6.71751,0.866025,6.71751) (-6.36396,1.22461e-16,6.36396) (-9.5,0.866025,1.16338e-15)
(-6.36396,1.22461e-16,6.36396) (-9,1.22461e-16,1.10215e-15) (-9.5,0.866025,1.16338e-15)
(-6.36396,1.22461e-16,6.36396) (-6.71751,-0.866025,6.71751) (-9,1.22461e-16,1.10215e-15)
(-6.71751,-0.866025,6.71751) (-9.5,-0.866025,1.16338e-15) (-9,1.22461e-16,1.10215e-15)
(-6.71751,-0.866025,6.71751) (-7.42462,-0.866025,7.42462) (-9.5,-0.866025,1.16338e-15)
(-7.42462,-0.866025,7.42462) (-10.5,-0.866025,1.28584e-15) (-9.5,-0.866025,1.16338e-15)
(-7.42462,-0.866025,7.42462) (-7.77817,0,7.77817) (-10.5,-0.866025,1.28584e-15)
(-7.77817,0,7.77817) (-11,0,1.34707e-15) (-10.5,-0.866025,1.28584e-15)
(-11,0,1.34707e-15) (-10.5,0.866025,1.28584e-15) (-7.77817,0,-7.77817)
(-10.5,0.866025,1.28584e-15) (-7.42462,0.866025,-7.42462) (-7.77817,0,-7.77817)
(-10.5,0.866025,1.28584e-15) (-9.5,0.866025,1.16338e-15) (-7.42462,0.866025,-7.42462)
(-9.5,0.866025,1.16338e-15) (-6.71751,0.866025,-6.71751) (-7.42462,0.866025,-7.42462)
(-9.5,0.866025,1.16338e-15) (-9,1.22461e-16,1.10215e-15) (-6.71751,0.866025,-6.71751)
(-9,1.22461e-16,1.10215e-15) (-6.36396,1.22461e-16,-6.36396) (-6.71751,0.866025,-6.71751)
(-9,1.22461e-16,1.10215e-15) (-9.5,-0.866025,1.16338e-15) (-6.36396,1.22461e-16,-6.36396)
(-9.5,-0.866025,1.16338e-15) (-6.71751,-0.866025,-6.71751) (-6.36396,1.22461e-16,-6.36396)
(-9.5,-0.866025,1.16338e-15) (-10.5,-0.866025,1.28584e-15) (-6.71751,-0.866025,-6.71751)
(-10.5,-0.866025,1.28584e-15) (-7.42462,-0.866025,-7.42462) (-6.71751,-0.866025,-6.71751)
(-10.5,-0.866025,1.28584e-15) (-11,0,1.34707e-15) (-7.42462,-0.866025,-7.42462)
(-11,0,1.34707e-15) (-7.77817,0,-7.77817) (-7.42462,-0.866025,-7.42462)
(-7.77817,0,-7.77817) (-7.42462,0.866025,-7.42462) (-2.0206e-15,0,-11)
(-7.42462,0.866025,-7.42462) (-1.92876e-15,0.866025,-10.5) (-2.0206e-15,0,-11)
(-7.42462,0.866025,-7.42462) (-6.71751,0.866025,-6.71751) (-1.92876e-15,0.866025,-10.5)
(-6.71751,0.866025,-6.71751) (-1.74506e-15,0.866025,-9.5) (-1.92876e-15,0.866025,-10.5)
(-6.71751,0.866025,-6.71751) (-6.36396,1.22461e-16,-6.36396) (-1.74506e-15,0.866025,-9.5)
(-6.36396,1.22461e-16,-6.36396) (-1.65322e-15,1.22461e-16,-9) (-1.74506e-15,0.866025,-9.5)
(-6.36396,1.22461e-16,-6.36396) (-6.71751,-0.866025,-6.71751) (-1.65322e-15,1.22461e-16,-9)
(-6.71751,-0.866025,-6.71751) (-1.74506e-15,-0.866025,-9.5) (-1.65322e-15,1.22461e-16,-9)
(-6.71751,-0.866025,-6.71751) (-7.42462,-0.866025,-7.42462) (-1.74506e-15,-0.866025,-9.5)
(-7.42462,-0.866025,-7.42462) (-1.92876e-15,-0.866025,-10.5) (-1.74506e-15,-0.866025,-9.5)
(-7.42462,-0.866025,-7.42462) (-7.77817,0,-7.77817) (-1.92876e-15,-0.866025,-10.5)
(-7.77817,0,-7.77817) (-2.0206e-15,0,-11) (-1.92876e-15,-0.866025,-10.5)
(-2.0206e-15,0,-11) (-1.92876e-15,0.866025,-10.5) (7.77817,0,-7.77817)
(-1.92876e-15,0.866025,-10.5) (7.42462,0.866025,-7.42462) (7.77817,0,-7.77817)
(-1.92876e-15,0.866025,-10.5) (-1.74506e-15,0.866025,-9.5) (7.42462,0.866025,-7.42462)
(-1.74506e-15,0.866025,-9.5) (6.71751,0.866025,-6.71751) (7.42462,0.866025,-7.42462)
(-1.74506e-15,0.866025,-9.5) (-1.65322e-15,1.22461e-16,-9) (6.71751,0.866025,-6.71751)
(-1.65322e-15,1.22461e-16,-9) (6.36396,1.22461e-16,-6.36396) (6.71751,0.866025,-6.71751)
(-1.65322e-15,1.22461e-16,-9) (-1.74506e-15,-0.866025,-9.5) (6.36396,1.22461e-16,-6.36396)
(-1.74506e-15,-0.866025,-9.5) (6.71751,-0.866025,-6.71751) (6.36396,1.22461e-16,-6.36396)
(-1.74506e-15,-0.866025,-9.5) (-1.92876e-15,-0.866025,-10.5) (6.71751,-0.866025,-6.71751)
(-1.92876e-15,-0.866025,-10.5) (7.42462,-0.866025,-7.42462) (6.71751,-0.866025,-6.71751)
(-1.92876e-15,-0.866025,-10.5) (-2.0206e-15,0,-11) (7.42462,-0.866025,-7.42462)
(-2.0206e-15,0,-11) (7.77817,0,-7.77817) (7.42462,-0.866025,-7.42462)
(7.77817,0,-7.77817) (7.42462,0.866025,-7.42462) (11,0,0)
(7.42462,0.866025,-7.42462) (10.5,0.866025,0) (11,0,0)
(7.42462,0.866025,-7.42462) (6.71751,0.866025,-6.71751) (10.5,0.866025,0)
(6.71751,0.866025,-6.71751) (9.5,0.866025,0) (10.5,0.866025,0)
(6.71751,0.866025,-6.71751) (6.36396,1.22461e-16,-6.36396) (9.5,0.866025,0)
(6.36396,1.22461e-16,-6.36396) (9,1.22461e-16,0) (9.5,0.866025,0)
(6.36396,1.22461e-16,-6.36396) (6.71751,-0.866025,-6.71751) (9,1.22461e-16,0)
(6.71751,-0.866025,-6.71751) (9.5,-0.866025,0) (9,1.22461e-16,0)
(6.71751,-0.866025,-6.71751) (7.42462,-0.866025,-7.42462) (9.5,-0.866025,0)
(7.42462,-0.866025,-7.42462) (10.5,-0.866025,0) (9.5,-0.866025,0)
(7.42462,-0.866025,-7.42462) (7.77817,0,-7.77817) (10.5,-0.866025,0)
(7.77817,0,-7.77817) (11,0,0) (10.5,-0.866025,0)
(20.5,0.866025,0) (18.9395,0.866025,7.84501) (19.4015,0,8.03635)
(20.5,0.866025,0) (19.5,0.866025,0) (18.9395,0.866025,7.84501)
(19.5,0.866025,0) (18.0157,0.866025,7.46233) (18.9395,0.866025,7.84501)
(19.5,0.866025,0) (19,1.22461e-16,0) (18.0157,0.866025,7.46233)
(19,1.22461e-16,0) (17.5537,1.22461e-16,7.27099) (18.0157,0.866025,7.46233)
(19,1.22461e-16,0) (19.5,-0.866025,0) (17.5537,1.22461e-16,7.27099)
(19.5,-0.866025,0) (18.0157,-0.866025,7.46233) (17.5537,1.22461e-16,7.27099)
(19.5,-0.866025,0) (20.5,-0.866025,0) (18.0157,-0.866025,7.46233)
(20.5,-0.866025,0) (18.9395,-0.866025,7.84501) (18.0157,-0.866025,7.46233)
(20.5,-0.866025,0) (21,0,0) (18.9395,-0.866025,7.84501)
(21,0,0) (19.4015,0,8.03635) (18.9395,-0.866025,7.84501)
(19.4015,0,8.03635) (18.9395,0.866025,7.84501) (14.8492,0,14.8492)
(18.9395,0.866025,7.84501) (14.4957,0.866025,14.4957) (14.8492,0,14.8492)
(18.9395,0.866025,7.84501) (18.0157,0.866025,7.46233) (14.4957,0.866025,14.4957)
(18.0157,0.866025,7.46233) (13.7886,0.866025,13.7886) (14.4957,0.866025,14.4957)
(18.0157,0.866025,7.46233) (17.5537,1.22461e-16,7.27099) (13.7886,0.866025,13.7886)
(17.5537,1.22461e-16,7.27099) (13.435,1.22461e-16,13.435) (13.7886,0.866025,13.7886)
(17.5537,1.22461e-16,7.27099) (18.0157,-0.866025,7.46233) (13.435,1.22461e-16,13.435)
(18.0157,-0.866025,7.46233) (13.7886,-0.866025,13.7886) (13.435,1.22461e-16,13.435)
(18.0157,-0.866025,7.46233) (18.9395,-0.866025,7.84501) (13.7886,-0.866025,13.7886)
(18.9395,-0.866025,7.84501) (14.4957,-0.866025,14.4957) (13.7886,-0.866025,13.7886)
(18.9395,-0.866025,7.84501) (19.4015,0,8.03635) (14.4957,-0.866025,14.4957)
(19.4015,0,8.03635) (14.8492,0,14.8492) (14.4957,-0.866025,14.4957)
(14.8492,0,14.8492) (14.4957,0.866025,14.4957) (8.03635,0,19.4015)
(14.4957,0.866025,14.4957) (7.84501,0.866025,18.9395) (8.03635,0,19.4015)
(14.4957,0.866025,14.4957) (13.7886,0.866025,13.7886) (7.84501,0.866025,18.9395)
(13.7886,0.866025,13.7886) (7.46233,0.866025,18.0157) (7.84501,0.866025,18.9395)
(13.7886,0.866025,13.7886) (13.435,1.22461e-16,13.435) (7.46233,0.866025,18.0157)
(13.435,1.22461e-16,13.435) (7.27099,1.22461e-16,17.5537) (7.46233,0.866025,18.0157)
(13.435,1.22461e-16,13.435) (13.7886,-0.866025,13.7886) (7.27099,1.22461e-16,17.5537)
(13.7886,-0.866025,13.7886) (7.46233,-0.866025,18.0157) (7.27099,1.22461e-16,17.5537)
(13.7886,-0.866025,13.7886) (14.4957,-0.866025,14.4957) (7.46233,-0.866025,18.0157)
(14.4957,-0.866025,14.4957) (7.84501,-0.866025,18.9395) (7.46233,-0.866025,18.0157)
(14.4957,-0.866025,14.4957) (14.8492,0,14.8492) (7.84501,-0.866025,18.9395)
(14.8492,0,14.8492) (8.03635,0,19.4015) (7.84501,-0.866025,18.9395)
(8.03635,0,19.4015) (7.84501,0.866025,18.9395) (1.28584e-15,0,21)
(7.84501,0.866025,18.9395) (1.25522e-15,0.866025,20.5) (1.28584e-15,0,21)
(7.84501,0.866025,18.9395) (7.46233,0.866025,18.0157) (1.25522e-15,0.866025,20.5)
(7.46233,0.866025,18.0157) (1.19399e-15,0.866025,19.5) (1.25522e-15,0.866025,20.5)
(7.46233,0.866025,18.0157) (7.27099,1.22461e-16,17.5537) (1.19399e-15,0.866025,19.5)
(7.27099,1.22461e-16,17.5537) (1.16338e-15,1.22461e-16,19) (1.19399e-15,0.866025,19.5)
(7.27099,1.22461e-16,17.5537) (7.46233,-0.866025,18.0157) (1.16338e-15,1.22461e-16,19)
(7.46233,-0.866025,18.0157) (1.19399e-15,-0.866025,19.5) (1.16338e-15,1.22461e-16,19)
(7.46233,-0.866025,18.0157) (7.84501,-0.866025,18.9395) (1.19399e-15,-0.866025,19.5)
(7.84501,-0.866025,18.9395) (1.25522e-15,-0.866025,20.5) (1.19399e-15,-0.866025,19.5)
(7.84501,-0.866025,18.9395) (8.03635,0,19.4015) (1.25522e-15,-0.866025,20.5)
(8.03635,0,19.4015) (1.28584e-15,0,21) (1.25522e-15,-0.866025,20.5)
(1.28584e-15,0,21) (1.25522e-15,0.866025,20.5) (-8.03635,0,19.4015)
(1.25522e-15,0.866025,20.5) (-7.84501,0.866025,18.9395) (-8.03635,0,19.4015)
(1.25522e-15,0.866025,20.5) (1.19399e-15,0.866025,19.5) (-7.84501,0.866025,18.9395)
(1.19399e-15,0.866025,19.5) (-7.46233,0.866025,18.0157) (-7.84501,0.866025,18.9395)
(1.19399e-15,0.866025,19.5) (1.16338e-15,1.22461e-16,19) (-7.46233,0.866025,18.0157)
(1.16338e-15,1.22461e-16,19) (-7.27099,1.22461e-16,17.5537) (-7.46233,0.866025,18.0157)
(1.16338e-15,1.22461e-16,19) (1.19399e-15,-0.866025,19.5) (-7.27099,1.22461e-16,17.5537)
(1.19399e-15,-0.866025,19.5) (-7.46233,-0.866025,18.0157) (-7.27099,1.22461e-16,17.5537)
(1.19399e-15,-0.866025,19.5) (1.25522e-15,-0.866025,20.5) (-7.46233,-0.866025,18.0157)
(1.25522e-15,-0.866025,20.5) (-7.84501,-0.866025,18.9395) (-7.46233,-0.866025,18.0157)
(1.25522e-15,-0.866025,20.5) (1.28584e-15,0,21) (-7.84501,-0.866025,18.9395)
(1.28584e-15,0,21) (-8.03635,0,19.4015) (-7.84501,-0.866025,18.9395)
(-8.03635,0,19.4015) (-7.84501,0.866025,18.9395) (-14.8492,0,14.8492)
(-7.84501,0.866025,18.9395) (-14.4957,0.866025,14.4957) (-14.8492,0,14.8492)
(-7.84501,0.866025,18.9395) (-7.46233,0.866025,18.0157) (-14.4957,0.866025,14.4957)
(-7.46233,0.866025,18.0157) (-13.7886,0.866025,13.7886) (-14.4957,0.866025,14.4957)
(-7.46233,0.866025,18.0157) (-7.27099,1.22461e-16,17.5537) (-13.7886,0.866025,13.7886)
(-7.27099,1.22461e-16,17.5537) (-13.435,1.22461e-16,13.435) (-13.7886,0.866025,13.7886)
(-7.27099,1.22461e-16,17.5537) (-7.46233,-0.866025,18.0157) (-13.435,1.22461e-16,13.435)
(-7.46233,-0.866025,18.0157) (-13.7886,-0.866025,13.7886) (-13.435,1.22461e-16,13.435)
(-7.46233,-0.866025,18.0157) (-7.84501,-0.866025,18.9395) (-13.7886,-0.866025,13.7886)
(-7.84501,-0.866025,18.9395) (-14.4957,-0.866025,14.4957) (-13.7886,-0.866025,13.7886)
(-7.84501,-0.866025,18.9395) (-8.03635,0,19.4015) (-14.4957,-0.866025,14.4957)
(-8.03635,0,19.4015) (-14.8492,0,14.8492) (-14.4957,-0.866025,14.4957)
(-14.8492,0,14.8492) (-14.4957,0.866025,14.4957) (-19.4015,0,8.03635)
(-14.4957,0.866025,14.4957) (-18.9395,0.866025,7.84501) (-19.4015,0,8.03635)
(-14.4957,0.866025,14.4957) (-13.7886,0.866025,13.7886) (-18.9395,0.866025,7.84501)
(-13.7886,0.866025,13.7886) (-18.0157,0.866025,7.46233) (-18.9395,0.866025,7.84501)
(-13.7886,0.866025,13.7886) (-13.435,1.22461e-16,13.435) (-18.0157,0.866025,7.46233)
(-13.435,1.22461e-16,13.435) (-17.5537,1.22461e-16,7.27099) (-18.0157,0.866025,7.46233)
(-13.435,1.22461e-16,13.435) (-13.7886,-0.866025,13.7886) (-17.5537,1.22461e-16,7.27099)
(-13.7886,-0.866025,13.7886) (-18.0157,-0.866025,7.46233) (-17.5537,1.22461e-16,7.27099)
(-13.7886,-0.866025,13.7886) (-14.4957,-0.866025,14.4957) (-18.0157,-0.866025,7.46233)
(-14.4957,-0.866025,14.4957) (-18.9395,-0.866025,7.84501) (-18.0157,-0.866025,7.46233)
(-14.4957,-0.866025,14.4957) (-14.8492,0,14.8492) (-18.9395,-0.866025,7.84501)
(-14.8492,0,14.8492) (-19.4015,0,8.03635) (-18.9395,-0.866025,7.84501)
(-19.4015,0,8.03635) (-18.9395,0.866025,7.84501) (-21,0,2.57167e-15)
(-18.9395,0.866025,7.84501) (-20.5,0.866025,2.51044e-15) (-21,0,2.57167e-15)
(-18.9395,0.866025,7.84501) (-18.0157,0.866025,7.46233) (-20.5,0.866025,2.51044e-15)
(-18.0157,0.866025,7.46233) (-19.5,0.866025,2.38798e-15) (-20.5,0.866025,2.51044e-15)
(-18.0157,0.866025,7.46233) (-17.5537,1.22461e-16,7.27099) (-19.5,0.866025,2.38798e-15)
(-17.5537,1.22461e-16,7.27099) (-19,1.22461e-16,2.32675e-15) (-19.5,0.866025,2.38798e-15)
(-17.5537,1.22461e-16,7.27099) (-18.0157,-0.866025,7.46233) (-19,1.22461e-16,2.32675e-15)
(-18.0157,-0.866025,7.46233) (-19.5,-0.866025,2.38798e-15) (-19,1.22461e-16,2.32675e-15)
(-18.0157,-0.866025,7.46233) (-18.9395,-0.866025,7.84501) (-19.5,-0.866025,2.38798e-15)
(-18.9395,-0.866025,7.84501) (-20.5,-0.866025,2.51044e-15) (-19.5,-0.866025,2.38798e-15)
(-18.9395,-0.866025,7.84501) (-19.4015,0,8.03635) (-20.5,-0.866025,2.51044e-15)
(-19.4015,0,8.03635) (-21,0,2.57167e-15) (-20.5,-0.866025,2.51044e-15)
(-21,0,2.57167e-15) (-20.5,0.866025,2.51044e-15) (-19.4015,0,-8.03635)
(-20.5,0.866025,2.51044e-15) (-18.9395,0.866025,-7.84501) (-19.4015,0,-8.03635)
(-20.5,0.866025,2.51044e-15) (-19.5,0.866025,2.38798e-15) (-18.9395,0.866025,-7.84501)
(-19.5,0.866025,2.38798e-15) (-18.0157,0.866025,-7.46233) (-18.9395,0.866025,-7.84501)
(-19.5,0.866025,2.38798e-15) (-19,1.22461e-16,2.32675e-15) (-18.0157,0.866025,-7.46233)
(-19,1.22461e-16,2.32675e-15) (-17.5537,1.22461e-16,-7.27099) (-18.0157,0.866025,-7.46233)
(-19,1.22461e-16,2.32675e-15) (-19.5,-0.866025,2.38798e-15) (-17.5537,1.22461e-16,-7.27099)
(-19.5,-0.866025,2.38798e-15) (-18.0157,-0.866025,-7.46233) (-17.5537,1.22461e-16,-7.27099)
(-19.5,-0.866025,2.38798e-15) (-20.5,-0.866025,2.51044e-15) (-18.0157,-0.866025,-7.46233)
(-20.5,-0.866025,2.51044e-15) (-18.9395,-0.866025,-7.84501) (-18.0157,-0.866025,-7.46233)
(-20.5,-0.866025,2.51044e-15) (-21,0,2.57167e-15) (-18.9395,-0.866025,-7.84501)
(-21,0,2.57167e-15) (-19.4015,0,-8.03635) (-18.9395,-0.866025,-7.84501)
(-19.4015,0,-8.03635) (-18.9395,0.866025,-7.84501) (-14.8492,0,-14.8492)
(-18.9395,0.866025,-7.84501) (-14.4957,0.866025,-14.4957) (-14.8492,0,-14.8492)
(-18.9395,0.866025,-7.84501) (-18.0157,0.866025,-7.46233) (-14.4957,0.866025,-14.4957)
(-18.0157,0.866025,-7.46233) (-13.7886,0.866025,-13.7886) (-14.4957,0.866025,-14.4957)
(-18.0157,0.866025,-7.46233) (-17.5537,1.22461e-16,-7.27099) (-13.7886,0.866025,-13.7886)
(-17.5537,1.22461e-16,-7.27099) (-13.435,1.22461e-16,-13.435) (-13.7886,0.866025,-13.7886)
(-17.5537,1.22461e-16,-7.27099) (-18.0157,-0.866025,-7.46233) (-13.435,1.22461e-16,-13.435)
(-18.0157,-0.866025,-7.46233) (-13.7886,-0.866025,-13.7886) (-13.435,1.22461e-16,-13.435)
(-18.0157,-0.866025,-7.46233) (-18.9395,-0.866025,-7.84501) (-13.7886,-0.866025,-13.7886)
(-18.9395,-0.866025,-7.84501) (-14.4957,-0.866025,-14.4957) (-13.7886,-0.866025,-13.7886)
(-18.9395,-0.866025,-7.84501) (-19.4015,0,-8.03635) (-14.4957,-0.866025,-14.4957)
(-19.4015,0,-8.03635) (-14.8492,0,-14.8492) (-14.4957,-0.866025,-14.4957)
(-14.8492,0,-14.8492) (-14.4957,0.866025,-14.4957) (-8.03635,0,-19.4015)
(-14.4957,0.866025,-14.4957) (-7.84501,0.866025,-18.9395) (-8.03635,0,-19.4015)
(-14.4957,0.866025,-14.4957) (-13.7886,0.866025,-13.7886) (-7.84501,0.866025,-18.9395)
(-13.7886,0.866025,-13.7886) (-7.46233,0.866025,-18.0157) (-7.84501,0.866025,-18.9395)
(-13.7886,0.866025,-13.7886) (-13.435,1.22461e-16,-13.435) (-7.46233,0.866025,-18.0157)
(-13.435,1.22461e-16,-13.435) (-7.27099,1.22461e-16,-17.5537) (-7.46233,0.866025,-18.0157)
(-13.435,1.22461e-16,-13.435) (-13.7886,-0.866025,-13.7886) (-7.27099,1.22461e-16,-17.5537)
(-13.7886,-0.866025,-13.7886) (-7.46233,-0.866025,-18.0157) (-7.27099,1.22461e-16,-17.5537)
(-13.7886,-0.866025,-13.7886) (-14.4957,-0.866025,-14.4957) (-7.46233,-0.866025,-18.0157)
(-14.4957,-0.866025,-14.4957) (-7.84501,-0.866025,-18.9395) (-7.46233,-0.866025,-18.0157)
(-14.4957,-0.866025,-14.4957) (-14.8492,0,-14.8492) (-7.84501,-0.866025,-18.9395)
(-14.8492,0,-14.8492) (-8.03635,0,-19.4015) (-7.84501,-0.866025,-18.9395)
(-8.03635,0,-19.4015) (-7.84501,0.866025,-18.9395) (-3.85751e-15,0,-21)
(-7.84501,0.866025,-18.9395) (-3.76566e-15,0.866025,-20.5) (-3.85751e-15,0,-21)
(-7.84501,0.866025,-18.9395) (-7.46233,0.866025,-18.0157) (-3.76566e-15,0.866025,-20.5)
(-7.46233,0.866025,-18.0157) (-3.58197e-15,0.866025,-19.5) (-3.76566e-15,0.866025,-20.5)
(-7.46233,0.866025,-18.0157) (-7.27099,1.22461e-16,-17.5537) (-3.58197e-15,0.866025,-19.5)
(-7.27099,1.22461e-16,-17.5537) (-3.49013e-15,1.22461e-16,-19) (-3.58197e-15,0.866025,-19.5)
(-7.27099,1.22461e-16,-17.5537) (-7.46233,-0.866025,-18.0157) (-3.49013e-15,1.22461e-16,-19)
(-7.46233,-0.866025,-18.0157) (-3.58197e-15,-0.866025,-19.5) (-3.49013e-15,1.22461e-16,-19)
(-7.46233,-0.866025,-18.0157) (-7.84501,-0.866025,-18.9395) (-3.58197e-15,-0.866025,-19.5)
(-7.84501,-0.866025,-18.9395) (-3.76566e-15,-0.866025,-20.5) (-3.58197e-15,-0.866025,-19.5)
(-7.84501,-0.866025,-18.9395) (-8.03635,0,-19.4015) (-3.76566e-15,-0.866025,-20.5)
(-8.03635,0,-19.4015) (-3.85751e-15,0,-21) (-3.76566e-15,-0.866025,-20.5)
(-3.85751e-15,0,-21) (-3.76566e-15,0.866025,-20.5) (8.03635,0,-19.4015)
(-3.76566e-15,0.866025,-20.5) (7.84501,0.866025,-18.9395) (8.03635,0,-19.4015)
(-3.76566e-15,0.866025,-20.5) (-3.58197e-15,0.866025,-19.5) (7.84501,0.866025,-18.9395)
(-3.58197e-15,0.866025,-19.5) (7.46233,0.866025,-18.0157) (7.84501,0.866025,-18.9395)
(-3.58197e-15,0.866025,-19.5) (-3.49013e-15,1.22461e-16,-19) (7.46233,0.866025,-18.0157)
(-3.49013e-15,1.22461e-16,-19) (7.27099,1.22461e-16,-17.5537) (7.46233,0.866025,-18.0157)
(-3.49013e-15,1.22461e-16,-19) (-3.58197e-15,-0.866025,-19.5) (7.27099,1.22461e-16,-17.5537)
(-3.58197e-15,-0.866025,-19.5) (7.46233,-0.866025,-18.0157) (7.27099,1.22461e-16,-17.5537)
(-3.58197e-15,-0.866025,-19.5) (-3.76566e-15,-0.866025,-20.5) (7.46233,-0.866025,-18.0157)
(-3.76566e-15,-0.866025,-20.5) (7.84501,-0.866025,-18.9395) (7.46233,-0.866025,-18.0157)
(-3.76566e-15,-0.866025,-20.5) (-3.85751e-15,0,-21) (7.84501,-0.866025,-18.9395)
(-3.85751e-15,0,-21) (8.03635,0,-19.4015) (7.84501,-0.866025,-18.9395)
(8.03635,0,-19.4015) (7.84501,0.866025,-18.9395) (14.8492,0,-14.8492)
(7.84501,0.866025,-18.9395) (14.4957,0.866025,-14.4957) (14.8492,0,-14.8492)
(7.84501,0.866025,-18.9395) (7.46233,0.866025,-18.0157) (14.4957,0.866025,-14.4957)
(7.46233,0.866025,-18.0157) (13.7886,0.866025,-13.7886) (14.4957,0.866025,-14.4957)
(7.46233,0.866025,-18.0157) (7.27099,1.22461e-16,-17.5537) (13.7886,0.866025,-13.7886)
(7.27099,1.22461e-16,-17.5537) (13.435,1.22461e-16,-13.435) (13.7886,0.866025,-13.7886)
(7.27099,1.22461e-16,-17.5537) (7.46233,-0.866025,-18.0157) (13.435,1.22461e-16,-13.435)
(7.46233,-0.866025,-18.0157) (13.7886,-0.866025,-13.7886) (13.435,1.22461e-16,-13.435)
(7.46233,-0.866025,-18.0157) (7.84501,-0.866025,-18.9395) (13.7886,-0.866025,-13.7886)
(7.84501,-0.866025,-18.9395) (14.4957,-0.866025,-14.4957) (13.7886,-0.866025,-13.7886)
(7.84501,-0.866025,-18.9395) (8.03635,0,-19.4015) (14.4957,-0.866025,-14.4957)
(8.03635,0,-19.4015) (14.8492,0,-14.8492) (14.4957,-0.866025,-14.4957)
(14.8492,0,-14.8492) (14.4957,0.866025,-14.4957) (19.4015,0,-8.03635)
(14.4957,0.866025,-14.4957) (18.9395,0.866025,-7.84501) (19.4015,0,-8.03635)
(14.4957,0.866025,-14.4957) (13.7886,0.866025,-13.7886) (18.9395,0.866025,-7.84501)
(13.7886,0.866025,-13.7886) (18.0157,0.866025,-7.46233) (18.9395,0.866025,-7.84501)
(13.7886,0.866025,-13.7886) (13.435,1.22461e-16,-13.435) (18.0157,0.866025,-7.46233)
(13.435,1.22461e-16,-13.435) (17.5537,1.22461e-16,-7.27099) (18.0157,0.866025,-7.46233)
(13.435,1.22461e-16,-13.435) (13.7886,-0.866025,-13.7886) (17.5537,1.22461e-16,-7.27099)
(13.7886,-0.866025,-13.7886) (18.0157,-0.866025,-7.46233) (17.5537,1.22461e-16,-7.27099)
(13.7886,-0.866025,-13.7886) (14.4957,-0.866025,-14.4957) (18.0157,-0.866025,-7.46233)
(14.4957,-0.866025,-14.4957) (18.9395,-0.866025,-7.84501) (18.0157,-0.866025,-7.46233)
(14.4957,-0.866025,-14.4957) (14.8492,0,-14.8492) (18.9395,-0.866025,-7.84501)
(14.8492,0,-14.8492) (19.4015,0,-8.03635) (18.9395,-0.866025,-7.84501)
(19.4015,0,-8.03635) (18.9395,0.866025,-7.84501) (21,0,0)
(18.9395,0.866025,-7.84501) (20.5,0.866025,0) (21,0,0)
(18.9395,0.866025,-7.84501) (18.0157,0.866025,-7.46233) (20.5,0.866025,0)
(18.0157,0.866025,-7.46233) (19.5,0.866025,0) (20.5,0.866025,0)
(18.0157,0.866025,-7.46233) (17.5537,1.22461e-16,-7.27099) (19.5,0.866025,0)
(17.5537,1.22461e-16,-7.27099) (19,1.22461e-16,0) (19.5,0.866025,0)
(17.5537,1.22461e-16,-7.27099) (18.0157,-0.866025,-7.46233) (19,1.22461e-16,0)
(18.0157,-0.866025,-7.46233) (19.5,-0.866025,0) (19,1.22461e-16,0)
(18.0157,-0.866025,-7.46233) (18.9395,-0.866025,-7.84501) (19.5,-0.866025,0)
(18.9395,-0.866025,-7.84501) (20.5,-0.866025,0) (19.5,-0.866025,0)
(18.9395,-0.866025,-7.84501) (19.4015,0,-8.03635) (20.5,-0.866025,0)
(19.4015,0,-8.03635) (21,0,0) (20.5,-0.866025,0)






