(41, 61, 80) (41, 67, 80) (41, 67, -80)
(41, 61, 80) (41, 67, -80) (41, 61, -80)
(47, 61, 80) (47, 67, 80) (47, 67, -80)
(47, 61, 80) (47, 67, -80) (47, 61, -80)
(41, 67, 80) (47, 67, 80) (47, 67, -80)
(41, 67, 80) (47, 67, -80) (41, 67, -80)
(41, 61, 80) (47, 61, 80) (47, 61, -80)
(41, 61, 80) (47, 61, -80) (41, 61, -80)
(41, 61, 80) (47, 61, 80) (47, 67, 80)
(41, 61, 80) (47, 67, 80) (41, 67, 80)
(41, 61, -80) (47, 61, -80) (47, 67, -80)
(41, 61, -80) (47, 67, -80) (41, 67, -80)
(30, 29, 80) (30, 35, 80) (30, 35, -80)
(30, 29, 80) (30, 35, -80) (30, 29, -80)
(36, 29, 80) (36, 35, 80) (36, 35, -80)
(36, 29, 80) (36, 35, -80) (36, 29, -80)
(30, 35, 80) (36, 35, 80) (36, 35, -80)
(30, 35, 80) (36, 35, -80) (30, 35, -80)
(30, 29, 80) (36, 29, 80) (36, 29, -80)
(30, 29, 80) (36, 29, -80) (30, 29, -80)
(30, 29, 80) (36, 29, 80) (36, 35, 80)
(30, 29, 80) (36, 35, 80) (30, 35, 80)
(30, 29, -80) (36, 29, -80) (36, 35, -80)
(30, 29, -80) (36, 35, -80) (30, 35, -80)
(-3, -80, 37) (3, -80, 37) (3, 80, 37)
(-3, -80, 37) (3, 80, 37) (-3, 80, 37)
(-3, -80, 43) (3, -80, 43) (3, 80, 43)
(-3, -80, 43) (3, 80, 43) (-3, 80, 43)
(3, -80, 37) (3, -80, 43) (3, 80, 43)
(3, -80, 37) (3, 80, 43) (3, 80, 37)
(-3, -80, 37) (-3, -80, 43) (-3, 80, 43)
(-3, -80, 37) (-3, 80, 43) (-3, 80, 37)
(-3, -80, 37) (3, -80, 37) (3, -80, 43)
(-3, -80, 37) (3, -80, 43) (-3, -80, 43)
(-3, 80, 37) (3, 80, 37) (3, 80, 43)
(-3, 80, 37) (3, 80, 43) (-3, 80, 43)
(-3, -80, -37) (3, -80, -37) (3, 80, -37)
(-3, -80, -37) (3, 80, -37) (-3, 80, -37)
(-3, -80, -43) (3, -80, -43) (3, 80, -43)
(-3, -80, -43) (3, 80, -43) (-3, 80, -43)
(3, -80, -37) (3, -80, -43) (3, 80, -43)
(3, -80, -37) (3, 80, -43) (3, 80, -37)
(-3, -80, -37) (-3, -80, -43) (-3, 80, -43)
(-3, -80, -37) (-3, 80, -43) (-3, 80, -37)
(-3, -80, -37) (3, -80, -37) (3, -80, -43)
(-3, -80, -37) (3, -80, -43) (-3, -80, -43)
(-3, 80, -37) (3, 80, -37) (3, 80, -43)
(-3, 80, -37) (3, 80, -43) (-3, 80, -43)
(-30, 29, 80) (-30, 35, 80) (-30, 35, -80)
(-30, 29, 80) (-30, 35, -80) (-30, 29, -80)
(-36, 29, 80) (-36, 35, 80) (-36, 35, -80)
(-36, 29, 80) (-36, 35, -80) (-36, 29, -80)
(-30, 35, 80) (-36, 35, 80) (-36, 35, -80)
(-30, 35, 80) (-36, 35, -80) (-30, 35, -80)
(-30, 29, 80) (-36, 29, 80) (-36, 29, -80)
(-30, 29, 80) (-36, 29, -80) (-30, 29, -80)
(-30, 29, 80) (-36, 29, 80) (-36, 35, 80)
(-30, 29, 80) (-36, 35, 80) (-30, 35, 80)
(-30, 29, -80) (-36, 29, -80) (-36, 35, -80)
(-30, 29, -80) (-36, 35, -80) (-30, 35, -80)
(-30, -24, 80) (-30, -30, 80) (-30, -30, -80)
(-30, -24, 80) (-30, -30, -80) (-30, -24, -80)
(-36, -24, 80) (-36, -30, 80) (-36, -30, -80)
(-36, -24, 80) (-36, -30, -80) (-36, -24, -80)
(-30, -30, 80) (-36, -30, 80) (-36, -30, -80)
(-30, -30, 80) (-36, -30, -80) (-30, -30, -80)
(-30, -24, 80) (-36, -24, 80) (-36, -24, -80)
(-30, -24, 80) (-36, -24, -80) (-30, -24, -80)
(-30, -24, 80) (-36, -24, 80) (-36, -30, 80)
(-30, -24, 80) (-36, -30, 80) (-30, -30, 80)
(-30, -24, -80) (-36, -24, -80) (-36, -30, -80)
(-30, -24, -80) (-36, -30, -80) (-30, -30, -80)
(30, -29, 80) (30, -35, 80) (30, -35, -80)
(30, -29, 80) (30, -35, -80) (30, -29, -80)
(36, -29, 80) (36, -35, 80) (36, -35, -80)
(36, -29, 80) (36, -35, -80) (36, -29, -80)
(30, -35, 80) (36, -35, 80) (36, -35, -80)
(30, -35, 80) (36, -35, -80) (30, -35, -80)
(30, -29, 80) (36, -29, 80) (36, -29, -80)
(30, -29, 80) (36, -29, -80) (30, -29, -80)
(30, -29, 80) (36, -29, 80) (36, -35, 80)
(30, -29, 80) (36, -35, 80) (30, -35, 80)
(30, -29, -80) (36, -29, -80) (36, -35, -80)
(30, -29, -80) (36, -35, -80) (30, -35, -80)
(80, -3, 80) (80, 3, 80) (-80, 3, 80)
(80, -3, 80) (-80, 3, 80) (-80, -3, 80)
(80, -3, 73) (80, 3, 73) (-80, 3, 73)
(80, -3, 73) (-80, 3, 73) (-80, -3, 73)
(80, 3, 80) (80, 3, 73) (-80, 3, 73)
(80, 3, 80) (-80, 3, 73) (-80, 3, 80)
(80, -3, 80) (80, -3, 73) (-80, -3, 73)
(80, -3, 80) (-80, -3, 73) (-80, -3, 80)
(80, -3, 73) (80, 3, 73) (80, 3, 80)
(80, -3, 73) (80, 3, 80) (80, -3, 80)
(-80, -3, 73) (-80, 3, 73) (-80, 3, 80)
(-80, -3, 73) (-80, 3, 80) (-80, -3, 80)
(80, -3, -80) (80, 3, -80) (-80, 3, -80)
(80, -3, -80) (-80, 3, -80) (-80, -3, -80)
(80, -3, -73) (80, 3, -73) (-80, 3, -73)
(80, -3, -73) (-80, 3, -73) (-80, -3, -73)
(80, 3, -80) (80, 3, -73) (-80, 3, -73)
(80, 3, -80) (-80, 3, -73) (-80, 3, -80)
(80, -3, -80) (80, -3, -73) (-80, -3, -73)
(80, -3, -80) (-80, -3, -73) (-80, -3, -80)
(80, -3, -73) (80, 3, -73) (80, 3, -80)
(80, -3, -73) (80, 3, -80) (80, -3, -80)
(-80, -3, -73) (-80, 3, -73) (-80, 3, -80)
(-80, -3, -73) (-80, 3, -80) (-80, -3, -80)
(80, -3, 3) (80, 3, 3) (-80, 3, 3)
(80, -3, 3) (-80, 3, 3) (-80, -3, 3)
(80, -3, -3) (80, 3, -3) (-80, 3, -3)
(80, -3, -3) (-80, 3, -3) (-80, -3, -3)
(80, 3, 3) (80, 3, -3) (-80, 3, -3)
(80, 3, 3) (-80, 3, -3) (-80, 3, 3)
(80, -3, 3) (80, -3, -3) (-80, -3, -3)
(80, -3, 3) (-80, -3, -3) (-80, -3, 3)
(80, -3, -3) (80, 3, -3) (80, 3, 3)
(80, -3, -3) (80, 3, 3) (80, -3, 3)
(-80, -3, -3) (-80, 3, -3) (-80, 3, 3)
(-80, -3, -3) (-80, 3, 3) (-80, -3, 3)
(-30, -73, 80) (-30, -80, 80) (-30, -80, -80)
(-30, -73, 80) (-30, -80, -80) (-30, -73, -80)
(-36, -73, 80) (-36, -80, 80) (-36, -80, -80)
(-36, -73, 80) (-36, -80, -80) (-36, -73, -80)
(-30, -80, 80) (-36, -80, 80) (-36, -80, -80)
(-30, -80, 80) (-36, -80, -80) (-30, -80, -80)
(-30, -73, 80) (-36, -73, 80) (-36, -73, -80)
(-30, -73, 80) (-36, -73, -80) (-30, -73, -80)
(-30, -73, 80) (-36, -73, 80) (-36, -80, 80)
(-30, -73, 80) (-36, -80, 80) (-30, -80, 80)
(-30, -73, -80) (-36, -73, -80) (-36, -80, -80)
(-30, -73, -80) (-36, -80, -80) (-30, -80, -80)

(-56, -80, 37) (-50, -80, 37) (-50, 80, 37)
(-56, -80, 37) (-50, 80, 37) (-56, 80, 37)
(-56, -80, 43) (-50, -80, 43) (-50, 80, 43)
(-56, -80, 43) (-50, 80, 43) (-56, 80, 43)
(-50, -80, 37) (-50, -80, 43) (-50, 80, 43)
(-50, -80, 37) (-50, 80, 43) (-50, 80, 37)
(-56, -80, 37) (-56, -80, 43) (-56, 80, 43)
(-56, -80, 37) (-56, 80, 43) (-56, 80, 37)
(-56, -80, 37) (-50, -80, 37) (-50, -80, 43)
(-56, -80, 37) (-50, -80, 43) (-56, -80, 43)
(-56, 80, 37) (-50, 80, 37) (-50, 80, 43)
(-56, 80, 37) (-50, 80, 43) (-56, 80, 43)

(-56, -80, -37) (-50, -80, -37) (-50, 80, -37)
(-56, -80, -37) (-50, 80, -37) (-56, 80, -37)
(-56, -80, -43) (-50, -80, -43) (-50, 80, -43)
(-56, -80, -43) (-50, 80, -43) (-56, 80, -43)
(-50, -80, -37) (-50, -80, -43) (-50, 80, -43)
(-50, -80, -37) (-50, 80, -43) (-50, 80, -37)
(-56, -80, -37) (-56, -80, -43) (-56, 80, -43)
(-56, -80, -37) (-56, 80, -43) (-56, 80, -37)
(-56, -80, -37) (-50, -80, -37) (-50, -80, -43)
(-56, -80, -37) (-50, -80, -43) (-56, -80, -43)
(-56, 80, -37) (-50, 80, -37) (-50, 80, -43)
(-56, 80, -37) (-50, 80, -43) (-56, 80, -43)

