(-28,-4,-4) (-20,-12,-4) (-20,12,-4)
(-28,-4,-4) (-20,12,-4) (-28,4,-4)
(-20,0,-4) (-8,0,-4) (-8,12,-4)
(-20,0,-4) (-8,12,-4) (-20,12,-4)
(-8,-12,-4) (0,-4,-4) (-8,12,-4)
(0,-4,-4) (0,4,-4) (-8,12,-4)
(0,-4,-4) (38,-4,-4) (38,4,-4)
(0,4,-4) (0,-4,-4) (38,4,-4)
(38,-4,-4) (40,2,-4) (38,4,-4)
(38,-4,-4) (40,-2,-4) (40,2,-4)
(-28,-4,4) (-20,-12,4) (-20,12,4)
(-28,-4,4) (-20,12,4) (-28,4,4)
(-20,0,4) (-8,0,4) (-8,12,4)
(-20,0,4) (-8,12,4) (-20,12,4)
(-8,-12,4) (0,-4,4) (-8,12,4)
(0,-4,4) (0,4,4) (-8,12,4)
(0,-4,4) (38,-4,4) (38,4,4)
(0,4,4) (0,-4,4) (38,4,4)
(38,-4,4) (40,2,4) (38,4,4)
(38,-4,4) (40,-2,4) (40,2,4)
(-28,4,-4) (-20,12,-4) (-20,12,4)
(-28,4,-4) (-20,12,4) (-28,4,4)
(-20,12,-4) (-8,12,-4) (-8,12,4)
(-20,12,-4) (-8,12,4) (-20,12,4)
(-8,12,-4) (0,4,-4) (0,4,4)
(-8,12,-4) (0,4,4) (-8,12,4)
(0,4,-4) (38,4,-4) (38,4,4)
(0,4,-4) (38,4,4) (0,4,4)
(38,4,-4) (40,2,-4) (40,2,4)
(38,4,-4) (40,2,4) (38,4,4)
(40,2,-4) (40,-2,-4) (40,-2,4)
(40,2,-4) (40,-2,4) (40,2,4)
(40,-2,-4) (38,-4,-4) (38,-4,4)
(40,-2,-4) (38,-4,4) (40,-2,4)
(38,-4,-4) (0,-4,-4) (0,-4,4)
(38,-4,-4) (0,-4,4) (38,-4,4)
(0,-4,-4) (-8,-12,-4) (-8,-12,4)
(0,-4,-4) (-8,-12,4) (0,-4,4)
(-8,-12,-4) (-8,0,-4) (-8,0,4)
(-8,-12,-4) (-8,0,4) (-8,-12,4)
(-8,0,-4) (-20,0,-4) (-20,0,4)
(-8,0,-4) (-20,0,4) (-8,0,4)
(-20,0,-4) (-20,-12,-4) (-20,-12,4)
(-20,0,-4) (-20,-12,4) (-20,0,4)
(-20,-12,-4) (-28,-4,-4) (-28,-4,4)
(-20,-12,-4) (-28,-4,4) (-20,-12,4)
(-28,-4,-4) (-28,4,-4) (-28,4,4)
(-28,-4,-4) (-28,4,4) (-28,-4,4)
