 (12,13) (13,12) (14,13) (13,14)
 (36,13) (37,12) (38,13) (37,14)
 (62,13) (63,12) (64,13) (63,14)
 (86,13) (87,12) (88,13) (87,14)
 (12,37) (13,36) (14,37) (13,38)
 (36,37) (37,36) (38,37) (37,38)
 (62,37) (63,36) (64,37) (63,38)
 (86,37) (87,36) (88,37) (87,38)
 (12,63) (13,62) (14,63) (13,64)
 (36,63) (37,62) (38,63) (37,64)
 (62,63) (63,62) (64,63) (63,64)
 (86,63) (87,62) (88,63) (87,64)
 (12,87) (13,86) (14,87) (13,88)
 (36,87) (37,86) (38,87) (37,88)
 (62,87) (63,86) (64,87) (63,88)
 (86,87) (87,86) (88,87) (87,88)
 (24,23) (26,23) (26,100) (24,100)
 (49,0) (51,0) (51,27) (49,27)
 (74,23) (76,23) (76,51) (74,51)
 (48,74) (100,74) (100,76) (48,76)
 (25,49) (75,49) (75,51) (25,51)
 (0,0) (100,0) (100,2) (0,2) 
 (0,100) (0,0) (2,0) (2,100) 
 (100,100) (0,100) (0,98) (100,98) 
 (98,0) (100,0) (100,100) (98,100) 
 

